1.000000	-10.892509
1.098000	-13.075974
1.196000	-15.447748
1.294000	-18.005150
1.392000	-20.745501
1.490000	-23.666121
1.588000	-26.764327
1.686000	-30.037441
1.784000	-33.482782
1.882000	-37.097670
1.980000	-40.879424
2.078000	-44.825363
2.176000	-48.932808
2.274000	-53.199078
2.372000	-57.621492
2.470000	-62.197371
2.568000	-66.924034
2.666000	-71.798800
2.764000	-76.818990
2.862000	-81.981922
2.960000	-87.284917
3.058000	-92.725294
3.156000	-98.300373
3.254000	-104.007473
3.352000	-109.843914
3.450000	-115.807015
3.548000	-121.894097
3.646000	-128.102478
3.744000	-134.429480
3.842000	-140.872420
3.940000	-147.428619
4.038000	-154.095396
4.136000	-160.870072
4.234000	-167.749965
4.332000	-174.732395
4.430000	-181.814682
4.528000	-188.994146
4.626000	-196.268105
4.724000	-203.633881
4.822000	-211.088792
4.920000	-218.630158
5.018000	-226.255299
5.116000	-233.961534
5.214000	-241.746183
5.312000	-249.606565
5.410000	-257.540001
5.508000	-265.543810
5.606000	-273.615311
5.704000	-281.751824
5.802000	-289.950668
5.900000	-298.209165
5.998000	-306.524632
6.096000	-314.894389
6.194000	-323.315757
6.292000	-331.786055
6.390000	-340.302602
6.488000	-348.862718
6.586000	-357.463723
6.684000	-366.102937
6.782000	-374.777678
6.880000	-383.485267
6.978000	-392.223024
7.076000	-400.988267
7.174000	-409.778317
7.272000	-418.590493
7.370000	-427.422114
7.468000	-436.270501
7.566000	-445.132973
7.664000	-454.006850
7.762000	-462.889451
7.860000	-471.778096
7.958000	-480.670105
8.056000	-489.562796
8.154000	-498.453491
8.252000	-507.339508
8.350000	-516.218167
8.448000	-525.086788
8.546000	-533.942690
8.644000	-542.783193
8.742000	-551.605616
8.840000	-560.407280
8.938000	-569.185504
9.036000	-577.937607
9.134000	-586.660909
9.232000	-595.352730
9.330000	-604.010390
9.428000	-612.631207
9.526000	-621.212502
9.624000	-629.751595
9.722000	-638.245804
9.820000	-646.692449
9.918000	-655.088851
10.016000	-663.432329
10.114000	-671.720202
10.212000	-679.949790
10.310000	-688.118412
10.408000	-696.223389
10.506000	-704.262040
10.604000	-712.231685
10.702000	-720.129642
10.800000	-727.953233
10.898000	-735.699775
10.996000	-743.366590
11.094000	-750.950997
11.192000	-758.450315
11.290000	-765.861864
11.388000	-773.182963
11.486000	-780.410933
11.584000	-787.543092
11.682000	-794.576761
11.780000	-801.509259
11.878000	-808.337906
11.976000	-815.060021
12.074000	-821.672925
12.172000	-828.173935
12.270000	-834.560373
12.368000	-840.829558
12.466000	-846.978810
12.564000	-853.005447
12.662000	-858.906791
12.760000	-864.680159
12.858000	-870.322873
12.956000	-875.832252
13.054000	-881.205614
13.152000	-886.440281
13.250000	-891.533571
13.348000	-896.482804
13.446000	-901.285301
13.544000	-905.938379
13.642000	-910.439360
13.740000	-914.785562
13.838000	-918.974306
13.936000	-923.002910
14.034000	-926.868695
14.132000	-930.568981
14.230000	-934.101086
14.328000	-937.462331
14.426000	-940.650034
14.524000	-943.661517
14.622000	-946.494098
14.720000	-949.145097
14.818000	-951.611833
14.916000	-953.891627
15.014000	-955.981797
15.112000	-957.879664
15.210000	-959.582548
15.308000	-961.087767
15.406000	-962.392641
15.504000	-963.494490
15.602000	-964.390634
15.700000	-965.078393
15.798000	-965.555085
15.896000	-965.818031
15.994000	-965.864550
16.092000	-965.691961
16.190000	-965.297586
16.288000	-964.678742
16.386000	-963.832750
16.484000	-962.756929
16.582000	-961.448599
16.680000	-959.905080
16.778000	-958.123691
16.876000	-956.101751
16.974000	-953.836582
17.072000	-951.325501
17.170000	-948.565829
17.268000	-945.554885
17.366000	-942.289990
17.464000	-938.768462
17.562000	-934.987621
17.660000	-930.944787
17.758000	-926.637280
17.856000	-922.062418
17.954000	-917.217523
18.052000	-912.099913
18.150000	-906.706907
18.248000	-901.035827
18.346000	-895.083991
18.444000	-888.848718
18.542000	-882.327330
18.640000	-875.517144
18.738000	-868.415481
18.836000	-861.019661
18.934000	-853.327003
19.032000	-845.334826
19.130000	-837.040451
19.228000	-828.441196
19.326000	-819.534382
19.424000	-810.317329
19.522000	-800.787355
19.620000	-790.941780
19.718000	-780.777925
19.816000	-770.293109
19.914000	-759.484650
20.012000	-748.349870
20.110000	-736.886087
20.208000	-725.090622
20.306000	-712.960794
20.404000	-700.493921
20.502000	-687.687326
20.600000	-674.538325
20.698000	-661.044241
20.796000	-647.202391
20.894000	-633.010096
20.992000	-618.464675
21.090000	-603.563448
21.188000	-588.303734
21.286000	-572.682854
21.384000	-556.698127
21.482000	-540.346871
21.580000	-523.626408
21.678000	-506.534057
21.776000	-489.067137
21.874000	-471.222968
21.972000	-452.998869
22.070000	-434.392161
22.168000	-415.400162
22.266000	-396.020193
22.364000	-376.249573
22.462000	-356.085622
22.560000	-335.525659
22.658000	-314.567004
22.756000	-293.206977
22.854000	-271.442897
22.952000	-249.272083
23.050000	-226.691856
23.148000	-203.699536
23.246000	-180.292441
23.344000	-156.467891
23.442000	-132.223207
23.540000	-107.555707
23.638000	-82.462711
23.736000	-56.941539
23.834000	-30.989511
23.932000	-4.603946
24.030000	22.217837
24.128000	49.478516
24.226000	77.180774
24.324000	105.327291
24.422000	133.920745
24.520000	162.963819
24.618000	192.459193
24.716000	222.409546
24.814000	252.817560
24.912000	283.685914
25.010000	315.017288
25.108000	346.814365
25.206000	379.079823
25.304000	411.816342
25.402000	445.026605
25.500000	478.713290
25.598000	512.879078
25.696000	547.526650
25.794000	582.658686
25.892000	618.277866
25.990000	654.386870
26.088000	690.988380
26.186000	728.085075
26.284000	765.679635
26.382000	803.774742
26.480000	842.373076
26.578000	881.477316
26.676000	921.090143
26.774000	961.214238
26.872000	1001.852281
26.970000	1043.006953
27.068000	1084.680933
27.166000	1126.876902
27.264000	1169.597541
27.362000	1212.845529
27.460000	1256.623548
27.558000	1300.934277
27.656000	1345.780397
27.754000	1391.164589
27.852000	1437.089532
27.950000	1483.557908
28.048000	1530.572396
28.146000	1578.135677
28.244000	1626.250431
28.342000	1674.919338
28.440000	1724.145080
28.538000	1773.930336
28.636000	1824.277786
28.734000	1875.190112
28.832000	1926.669993
28.930000	1978.720111
29.028000	2031.343144
29.126000	2084.541774
29.224000	2138.318681
29.322000	2192.676546
29.420000	2247.618048
29.518000	2303.145869
29.616000	2359.262688
29.714000	2415.971186
29.812000	2473.274044
29.910000	2531.173942
30.008000	2589.673559
30.106000	2648.775578
30.204000	2708.482677
30.302000	2768.797538
30.400000	2829.722841
30.498000	2891.261266
30.596000	2953.415494
30.694000	3016.188205
30.792000	3079.582080
30.890000	3143.599799
30.988000	3208.244043
31.086000	3273.517492
31.184000	3339.422826
31.282000	3405.962727
31.380000	3473.139874
31.478000	3540.956948
31.576000	3609.416630
31.674000	3678.521600
31.772000	3748.274539
31.870000	3818.678128
31.968000	3889.735047
32.066000	3961.447976
32.164000	4033.819597
32.262000	4106.852591
32.360000	4180.549637
32.458000	4254.913418
32.556000	4329.946613
32.654000	4405.651903
32.752000	4482.031970
32.850000	4559.089495
32.948000	4636.827159
33.046000	4715.247642
33.144000	4794.353626
33.242000	4874.147793
33.340000	4954.632824
33.438000	5035.811400
33.536000	5117.686204
33.634000	5200.259916
33.732000	5283.535220
33.830000	5367.514796
33.928000	5452.201327
34.026000	5537.597497
34.124000	5623.705987
34.222000	5710.529481
34.320000	5798.070661
34.418000	5886.332211
34.516000	5975.316816
34.614000	6065.027159
34.712000	6155.465925
34.810000	6246.635799
34.908000	6338.539466
35.006000	6431.179613
35.104000	6524.558926
35.202000	6618.680092
35.300000	6713.545800
35.398000	6809.158737
35.496000	6905.521595
35.594000	7002.637063
35.692000	7100.507833
35.790000	7199.136598
35.888000	7298.526052
35.986000	7398.678890
36.084000	7499.597810
36.182000	7601.285509
36.280000	7703.744690
36.378000	7806.978054
36.476000	7910.988307
36.574000	8015.778156
36.672000	8121.350312
36.770000	8227.707488
36.868000	8334.852401
36.966000	8442.787771
37.064000	8551.516324
37.162000	8661.040789
37.260000	8771.363900
37.358000	8882.488398
37.456000	8994.417027
37.554000	9107.152542
37.652000	9220.697703
37.750000	9335.055278
37.848000	9450.228045
37.946000	9566.218791
38.044000	9683.030316
38.142000	9800.665431
38.240000	9919.126959
38.338000	10038.417740
38.436000	10158.540629
38.534000	10279.498501
38.632000	10401.294248
38.730000	10523.930786
38.828000	10647.411056
38.926000	10771.738022
39.024000	10896.914681
39.122000	11022.944062
39.220000	11149.829228
39.318000	11277.573282
39.416000	11406.179373
39.514000	11535.650696
39.612000	11665.990498
39.710000	11797.202086
39.808000	11929.288832
39.906000	12062.254179
40.004000	12196.101646
40.102000	12330.834841
40.200000	12466.457468
40.298000	12602.973334
40.396000	12740.386363
40.494000	12878.700608
40.592000	13017.920262
40.690000	13158.049675
40.788000	13299.093367
40.886000	13441.056050
40.984000	13583.942643
41.082000	13727.758296
41.180000	13872.508415
41.278000	14018.198684
41.376000	14164.835098
41.474000	14312.423993
41.572000	14460.972080
41.670000	14610.486487
41.768000	14760.974799
41.866000	14912.445107
41.964000	15064.906057
42.062000	15218.366910
42.160000	15372.837607
42.258000	15528.328833
42.356000	15684.852099
42.454000	15842.419825
42.552000	16001.045434
42.650000	16160.743455
42.748000	16321.529636
42.846000	16483.421073
42.944000	16646.436343
43.042000	16810.595662
43.140000	16975.921051
43.238000	17142.436523
43.336000	17310.168285
43.434000	17479.144969
43.532000	17649.397878
43.630000	17820.961262
43.728000	17993.872623
43.826000	18168.173045
43.924000	18343.907570
44.022000	18521.125598
44.120000	18699.881343
44.218000	18880.234323
44.316000	19062.249908
44.414000	19245.999922
44.512000	19431.563312
44.610000	19619.026872
44.708000	19808.486062
44.806000	20000.045892
44.904000	20193.821907
45.002000	20389.941276
45.100000	20588.543983
45.198000	20789.784151
45.296000	20993.831495
45.394000	21200.872929
45.492000	21411.114335
45.590000	21624.782519
45.688000	21842.127361
45.786000	22063.424197
45.884000	22288.976432
45.982000	22519.118439
46.080000	22754.218739
46.178000	22994.683524
46.276000	23240.960531
46.374000	23493.543321
46.472000	23752.976000
46.570000	24019.858417
46.668000	24294.851909
46.766000	24578.685631
46.864000	24872.163537
46.962000	25176.172081
47.060000	25491.688716
47.158000	25819.791256
47.256000	26161.668219
47.354000	26518.630215
47.452000	26892.122526
47.550000	27283.738965
47.648000	27695.237176
47.746000	28128.555495
47.844000	28585.831563
47.942000	29069.422837
48.040000	29581.929234
48.138000	30126.218086
48.236000	30705.451679
48.334000	31323.117620
48.432000	31983.062334
48.530000	32689.528009
48.628000	33447.193345
48.726000	34261.218497
48.824000	35137.294648
48.922000	36081.698686
49.020000	37101.353507
49.118000	38203.894534
49.216000	39397.743077
49.314000	40692.187252
49.412000	42097.471230
49.510000	43624.893672
49.608000	45286.916308
49.706000	47097.283683
49.804000	49071.155245
49.902000	51225.251026
50.000000	53578.012319
