0.200000	12.092051
0.219600	11.008103
0.239200	10.104569
0.258800	9.340428
0.278400	8.686211
0.298000	8.120202
0.317600	7.626047
0.337200	7.191193
0.356800	6.805846
0.376400	6.462252
0.396000	6.154193
0.415600	5.876622
0.435200	5.625405
0.454800	5.397117
0.474400	5.188902
0.494000	4.998355
0.513600	4.823440
0.533200	4.662419
0.552800	4.513803
0.572400	4.376304
0.592000	4.248807
0.611600	4.130338
0.631200	4.020046
0.650800	3.917182
0.670400	3.821085
0.690000	3.731167
0.709600	3.646908
0.729200	3.567842
0.748800	3.493553
0.768400	3.423667
0.788000	3.357847
0.807600	3.295790
0.827200	3.237220
0.846800	3.181888
0.866400	3.129567
0.886000	3.080050
0.905600	3.033149
0.925200	2.988691
0.944800	2.946517
0.964400	2.906483
0.984000	2.868454
1.003600	2.832307
1.023200	2.797928
1.042800	2.765213
1.062400	2.734063
1.082000	2.704390
1.101600	2.676108
1.121200	2.649140
1.140800	2.623414
1.160400	2.598863
1.180000	2.575422
1.199600	2.553034
1.219200	2.531643
1.238800	2.511198
1.258400	2.491650
1.278000	2.472955
1.297600	2.455071
1.317200	2.437956
1.336800	2.421574
1.356400	2.405889
1.376000	2.390869
1.395600	2.376481
1.415200	2.362697
1.434800	2.349488
1.454400	2.336828
1.474000	2.324692
1.493600	2.313057
1.513200	2.301900
1.532800	2.291200
1.552400	2.280937
1.572000	2.271092
1.591600	2.261648
1.611200	2.252586
1.630800	2.243890
1.650400	2.235546
1.670000	2.227539
1.689600	2.219854
1.709200	2.212478
1.728800	2.205399
1.748400	2.198604
1.768000	2.192082
1.787600	2.185822
1.807200	2.179813
1.826800	2.174046
1.846400	2.168511
1.866000	2.163199
1.885600	2.158101
1.905200	2.153210
1.924800	2.148515
1.944400	2.144012
1.964000	2.139691
1.983600	2.135547
2.003200	2.131572
2.022800	2.127760
2.042400	2.124105
2.062000	2.120602
2.081600	2.117244
2.101200	2.114026
2.120800	2.110943
2.140400	2.107991
2.160000	2.105164
2.179600	2.102458
2.199200	2.099869
2.218800	2.097392
2.238400	2.095024
2.258000	2.092761
2.277600	2.090598
2.297200	2.088533
2.316800	2.086562
2.336400	2.084683
2.356000	2.082890
2.375600	2.081183
2.395200	2.079558
2.414800	2.078012
2.434400	2.076542
2.454000	2.075147
2.473600	2.073823
2.493200	2.072568
2.512800	2.071381
2.532400	2.070258
2.552000	2.069198
2.571600	2.068199
2.591200	2.067259
2.610800	2.066377
2.630400	2.065549
2.650000	2.064776
2.669600	2.064055
2.689200	2.063384
2.708800	2.062762
2.728400	2.062189
2.748000	2.061661
2.767600	2.061179
2.787200	2.060741
2.806800	2.060345
2.826400	2.059991
2.846000	2.059678
2.865600	2.059404
2.885200	2.059168
2.904800	2.058970
2.924400	2.058809
2.944000	2.058684
2.963600	2.058593
2.983200	2.058537
3.002800	2.058515
3.022400	2.058525
3.042000	2.058567
3.061600	2.058641
3.081200	2.058746
3.100800	2.058881
3.120400	2.059046
3.140000	2.059240
3.159600	2.059463
3.179200	2.059715
3.198800	2.059994
3.218400	2.060302
3.238000	2.060636
3.257600	2.060998
3.277200	2.061386
3.296800	2.061800
3.316400	2.062240
3.336000	2.062706
3.355600	2.063198
3.375200	2.063715
3.394800	2.064258
3.414400	2.064825
3.434000	2.065417
3.453600	2.066034
3.473200	2.066676
3.492800	2.067342
3.512400	2.068033
3.532000	2.068748
3.551600	2.069487
3.571200	2.070251
3.590800	2.071039
3.610400	2.071852
3.630000	2.072688
3.649600	2.073550
3.669200	2.074435
3.688800	2.075346
3.708400	2.076280
3.728000	2.077240
3.747600	2.078224
3.767200	2.079233
3.786800	2.080267
3.806400	2.081326
3.826000	2.082410
3.845600	2.083520
3.865200	2.084655
3.884800	2.085816
3.904400	2.087002
3.924000	2.088215
3.943600	2.089454
3.963200	2.090720
3.982800	2.092012
4.002400	2.093331
4.022000	2.094677
4.041600	2.096051
4.061200	2.097452
4.080800	2.098881
4.100400	2.100338
4.120000	2.101824
4.139600	2.103338
4.159200	2.104881
4.178800	2.106454
4.198400	2.108056
4.218000	2.109687
4.237600	2.111349
4.257200	2.113041
4.276800	2.114764
4.296400	2.116518
4.316000	2.118304
4.335600	2.120121
4.355200	2.121970
4.374800	2.123851
4.394400	2.125766
4.414000	2.127713
4.433600	2.129693
4.453200	2.131708
4.472800	2.133756
4.492400	2.135839
4.512000	2.137957
4.531600	2.140111
4.551200	2.142299
4.570800	2.144524
4.590400	2.146785
4.610000	2.149083
4.629600	2.151418
4.649200	2.153790
4.668800	2.156200
4.688400	2.158649
4.708000	2.161136
4.727600	2.163663
4.747200	2.166229
4.766800	2.168834
4.786400	2.171480
4.806000	2.174167
4.825600	2.176895
4.845200	2.179665
4.864800	2.182476
4.884400	2.185329
4.904000	2.188226
4.923600	2.191165
4.943200	2.194149
4.962800	2.197176
4.982400	2.200247
5.002000	2.203364
5.021600	2.206525
5.041200	2.209733
5.060800	2.212986
5.080400	2.216286
5.100000	2.219633
5.119600	2.223027
5.139200	2.226470
5.158800	2.229960
5.178400	2.233499
5.198000	2.237087
5.217600	2.240724
5.237200	2.244411
5.256800	2.248149
5.276400	2.251938
5.296000	2.255777
5.315600	2.259668
5.335200	2.263611
5.354800	2.267607
5.374400	2.271655
5.394000	2.275757
5.413600	2.279912
5.433200	2.284121
5.452800	2.288385
5.472400	2.292704
5.492000	2.297078
5.511600	2.301508
5.531200	2.305994
5.550800	2.310536
5.570400	2.315135
5.590000	2.319792
5.609600	2.324506
5.629200	2.329279
5.648800	2.334110
5.668400	2.339000
5.688000	2.343949
5.707600	2.348958
5.727200	2.354026
5.746800	2.359156
5.766400	2.364346
5.786000	2.369597
5.805600	2.374910
5.825200	2.380285
5.844800	2.385722
5.864400	2.391222
5.884000	2.396784
5.903600	2.402410
5.923200	2.408100
5.942800	2.413854
5.962400	2.419672
5.982000	2.425555
6.001600	2.431503
6.021200	2.437516
6.040800	2.443595
6.060400	2.449740
6.080000	2.455951
6.099600	2.462229
6.119200	2.468574
6.138800	2.474986
6.158400	2.481466
6.178000	2.488013
6.197600	2.494629
6.217200	2.501313
6.236800	2.508065
6.256400	2.514887
6.276000	2.521777
6.295600	2.528737
6.315200	2.535767
6.334800	2.542866
6.354400	2.550036
6.374000	2.557276
6.393600	2.564586
6.413200	2.571967
6.432800	2.579419
6.452400	2.586942
6.472000	2.594537
6.491600	2.602202
6.511200	2.609940
6.530800	2.617749
6.550400	2.625630
6.570000	2.633584
6.589600	2.641609
6.609200	2.649707
6.628800	2.657877
6.648400	2.666120
6.668000	2.674435
6.687600	2.682823
6.707200	2.691284
6.726800	2.699818
6.746400	2.708424
6.766000	2.717103
6.785600	2.725855
6.805200	2.734681
6.824800	2.743579
6.844400	2.752549
6.864000	2.761593
6.883600	2.770710
6.903200	2.779899
6.922800	2.789161
6.942400	2.798496
6.962000	2.807903
6.981600	2.817383
7.001200	2.826935
7.020800	2.836559
7.040400	2.846255
7.060000	2.856023
7.079600	2.865862
7.099200	2.875773
7.118800	2.885756
7.138400	2.895809
7.158000	2.905933
7.177600	2.916127
7.197200	2.926392
7.216800	2.936726
7.236400	2.947130
7.256000	2.957604
7.275600	2.968146
7.295200	2.978756
7.314800	2.989434
7.334400	3.000181
7.354000	3.010994
7.373600	3.021874
7.393200	3.032820
7.412800	3.043832
7.432400	3.054909
7.452000	3.066050
7.471600	3.077256
7.491200	3.088525
7.510800	3.099856
7.530400	3.111250
7.550000	3.122705
7.569600	3.134221
7.589200	3.145797
7.608800	3.157432
7.628400	3.169125
7.648000	3.180876
7.667600	3.192684
7.687200	3.204548
7.706800	3.216466
7.726400	3.228439
7.746000	3.240464
7.765600	3.252542
7.785200	3.264670
7.804800	3.276848
7.824400	3.289075
7.844000	3.301350
7.863600	3.313671
7.883200	3.326037
7.902800	3.338447
7.922400	3.350900
7.942000	3.363395
7.961600	3.375929
7.981200	3.388502
8.000800	3.401111
8.020400	3.413757
8.040000	3.426437
8.059600	3.439149
8.079200	3.451891
8.098800	3.464664
8.118400	3.477463
8.138000	3.490288
8.157600	3.503138
8.177200	3.516009
8.196800	3.528900
8.216400	3.541810
8.236000	3.554735
8.255600	3.567675
8.275200	3.580627
8.294800	3.593588
8.314400	3.606557
8.334000	3.619532
8.353600	3.632509
8.373200	3.645487
8.392800	3.658462
8.412400	3.671433
8.432000	3.684397
8.451600	3.697352
8.471200	3.710294
8.490800	3.723220
8.510400	3.736128
8.530000	3.749016
8.549600	3.761879
8.569200	3.774715
8.588800	3.787521
8.608400	3.800293
8.628000	3.813028
8.647600	3.825723
8.667200	3.838374
8.686800	3.850978
8.706400	3.863531
8.726000	3.876030
8.745600	3.888470
8.765200	3.900848
8.784800	3.913159
8.804400	3.925400
8.824000	3.937567
8.843600	3.949655
8.863200	3.961660
8.882800	3.973577
8.902400	3.985402
8.922000	3.997130
8.941600	4.008756
8.961200	4.020276
8.980800	4.031685
9.000400	4.042977
9.020000	4.054147
9.039600	4.065189
9.059200	4.076100
9.078800	4.086872
9.098400	4.097500
9.118000	4.107979
9.137600	4.118301
9.157200	4.128462
9.176800	4.138456
9.196400	4.148274
9.216000	4.157912
9.235600	4.167363
9.255200	4.176619
9.274800	4.185674
9.294400	4.194521
9.314000	4.203152
9.333600	4.211560
9.353200	4.219738
9.372800	4.227678
9.392400	4.235372
9.412000	4.242811
9.431600	4.249989
9.451200	4.256895
9.470800	4.263522
9.490400	4.269862
9.510000	4.275904
9.529600	4.281640
9.549200	4.287060
9.568800	4.292156
9.588400	4.296916
9.608000	4.301332
9.627600	4.305393
9.647200	4.309089
9.666800	4.312409
9.686400	4.315342
9.706000	4.317878
9.725600	4.320004
9.745200	4.321711
9.764800	4.322985
9.784400	4.323814
9.804000	4.324188
9.823600	4.324092
9.843200	4.323514
9.862800	4.322442
9.882400	4.320862
9.902000	4.318760
9.921600	4.316122
9.941200	4.312935
9.960800	4.309184
9.980400	4.304854
10.000000	4.299930
