1.000000	2.000000
1.098000	-411.266886
1.196000	-741.223715
1.294000	-1007.069526
1.392000	-1222.594737
1.490000	-1397.959817
1.588000	-1540.815361
1.686000	-1657.031530
1.784000	-1751.187072
1.882000	-1826.905554
1.980000	-1887.091749
2.078000	-1934.101127
2.176000	-1969.863551
2.274000	-1995.974986
2.372000	-2013.766473
2.470000	-2024.356687
2.568000	-2028.692458
2.666000	-2027.580355
2.764000	-2021.711551
2.862000	-2011.681580
2.960000	-1998.006172
3.058000	-1981.134035
3.156000	-1961.457264
3.254000	-1939.319867
3.352000	-1915.024793
3.450000	-1888.839762
3.548000	-1861.002135
3.646000	-1831.722988
3.744000	-1801.190557
3.842000	-1769.573149
3.940000	-1737.021619
4.038000	-1703.671493
4.136000	-1669.644776
4.234000	-1635.051525
4.332000	-1599.991193
4.430000	-1564.553810
4.528000	-1528.820994
4.626000	-1492.866849
4.724000	-1456.758741
4.822000	-1420.557982
4.920000	-1384.320438
5.018000	-1348.097052
5.116000	-1311.934326
5.214000	-1275.874729
5.312000	-1239.957074
5.410000	-1204.216851
5.508000	-1168.686515
5.606000	-1133.395759
5.704000	-1098.371748
5.802000	-1063.639333
5.900000	-1029.221243
5.998000	-995.138257
6.096000	-961.409364
6.194000	-928.051901
6.292000	-895.081685
6.390000	-862.513126
6.488000	-830.359338
6.586000	-798.632229
6.684000	-767.342597
6.782000	-736.500202
6.880000	-706.113847
6.978000	-676.191443
7.076000	-646.740067
7.174000	-617.766024
7.272000	-589.274898
7.370000	-561.271596
7.468000	-533.760400
7.566000	-506.744998
7.664000	-480.228531
7.762000	-454.213620
7.860000	-428.702404
7.958000	-403.696568
8.056000	-379.197368
8.154000	-355.205660
8.252000	-331.721924
8.350000	-308.746283
8.448000	-286.278525
8.546000	-264.318125
8.644000	-242.864259
8.742000	-221.915821
8.840000	-201.471442
8.938000	-181.529500
9.036000	-162.088138
9.134000	-143.145274
9.232000	-124.698613
9.330000	-106.745658
9.428000	-89.283723
9.526000	-72.309939
9.624000	-55.821266
9.722000	-39.814501
9.820000	-24.286287
9.918000	-9.233117
10.016000	5.348655
10.114000	19.462807
10.212000	33.113246
10.310000	46.303998
10.408000	59.039206
10.506000	71.323123
10.604000	83.160104
10.702000	94.554608
10.800000	105.511186
10.898000	116.034482
10.996000	126.129226
11.094000	135.800234
11.192000	145.052398
11.290000	153.890688
11.388000	162.320146
11.486000	170.345886
11.584000	177.973086
11.682000	185.206989
11.780000	192.052901
11.878000	198.516184
11.976000	204.602258
12.074000	210.316598
12.172000	215.664729
12.270000	220.652227
12.368000	225.284715
12.466000	229.567864
12.564000	233.507388
12.662000	237.109042
12.760000	240.378624
12.858000	243.321971
12.956000	245.944958
13.054000	248.253494
13.152000	250.253526
13.250000	251.951034
13.348000	253.352029
13.446000	254.462556
13.544000	255.288689
13.642000	255.836529
13.740000	256.112208
13.838000	256.121885
13.936000	255.871742
14.034000	255.367990
14.132000	254.616862
14.230000	253.624616
14.328000	252.397531
14.426000	250.941910
14.524000	249.264075
14.622000	247.370370
14.720000	245.267158
14.818000	242.960821
14.916000	240.457762
15.014000	237.764398
15.112000	234.887166
15.210000	231.832519
15.308000	228.606926
15.406000	225.216872
15.504000	221.668857
15.602000	217.969397
15.700000	214.125020
15.798000	210.142269
15.896000	206.027702
15.994000	201.787887
16.092000	197.429407
16.190000	192.958855
16.288000	188.382839
16.386000	183.707975
16.484000	178.940893
16.582000	174.088233
16.680000	169.156643
16.778000	164.152786
16.876000	159.083331
16.974000	153.954957
17.072000	148.774355
17.170000	143.548223
17.268000	138.283268
17.366000	132.986205
17.464000	127.663759
17.562000	122.322662
17.660000	116.969654
17.758000	111.611483
17.856000	106.254903
17.954000	100.906678
18.052000	95.573576
18.150000	90.262375
18.248000	84.979857
18.346000	79.732811
18.444000	74.528034
18.542000	69.372327
18.640000	64.272499
18.738000	59.235362
18.836000	54.267738
18.934000	49.376450
19.032000	44.568329
19.130000	39.850212
19.228000	35.228937
19.326000	30.711353
19.424000	26.304308
19.522000	22.014660
19.620000	17.849266
19.718000	13.814993
19.816000	9.918710
19.914000	6.167288
20.012000	2.567607
20.110000	-0.873453
20.208000	-4.149007
20.306000	-7.252163
20.404000	-10.176030
20.502000	-12.913711
20.600000	-15.458305
20.698000	-17.802907
20.796000	-19.940611
20.894000	-21.864506
20.992000	-23.567677
21.090000	-25.043207
21.188000	-26.284175
21.286000	-27.283659
21.384000	-28.034730
21.482000	-28.530460
21.580000	-28.763917
21.678000	-28.728165
21.776000	-28.416266
21.874000	-27.821280
21.972000	-26.936264
22.070000	-25.754271
22.168000	-24.268354
22.266000	-22.471561
22.364000	-20.356941
22.462000	-17.917537
22.560000	-15.146391
22.658000	-12.036545
22.756000	-8.581034
22.854000	-4.772897
22.952000	-0.605165
23.050000	3.929130
23.148000	8.836957
23.246000	14.125290
23.344000	19.801102
23.442000	25.871370
23.540000	32.343072
23.638000	39.223187
23.736000	46.518698
23.834000	54.236588
23.932000	62.383842
24.030000	70.967446
24.128000	79.994389
24.226000	89.471661
24.324000	99.406253
24.422000	109.805158
24.520000	120.675372
24.618000	132.023889
24.716000	143.857708
24.814000	156.183828
24.912000	169.009248
25.010000	182.340970
25.108000	196.185997
25.206000	210.551334
25.304000	225.443986
25.402000	240.870960
25.500000	256.839264
25.598000	273.355907
25.696000	290.427899
25.794000	308.062253
25.892000	326.265981
25.990000	345.046096
26.088000	364.409614
26.186000	384.363551
26.284000	404.914925
26.382000	426.070752
26.480000	447.838052
26.578000	470.223846
26.676000	493.235154
26.774000	516.879000
26.872000	541.162405
26.970000	566.092393
27.068000	591.675990
27.166000	617.920222
27.264000	644.832115
27.362000	672.418697
27.460000	700.686995
27.558000	729.644041
27.656000	759.296862
27.754000	789.652491
27.852000	820.717958
27.950000	852.500297
28.048000	885.006540
28.146000	918.243722
28.244000	952.218877
28.342000	986.939040
28.440000	1022.411248
28.538000	1058.642537
28.636000	1095.639946
28.734000	1133.410511
28.832000	1171.961272
28.930000	1211.299269
29.028000	1251.431542
29.126000	1292.365131
29.224000	1334.107077
29.322000	1376.664423
29.420000	1420.044212
29.518000	1464.253487
29.616000	1509.299290
29.714000	1555.188668
29.812000	1601.928664
29.910000	1649.526324
30.008000	1697.988694
30.106000	1747.322821
30.204000	1797.535751
30.302000	1848.634533
30.400000	1900.626215
30.498000	1953.517844
30.596000	2007.316471
30.694000	2062.029145
30.792000	2117.662915
30.890000	2174.224833
30.988000	2231.721949
31.086000	2290.161316
31.184000	2349.549984
31.282000	2409.895007
31.380000	2471.203436
31.478000	2533.482327
31.576000	2596.738731
31.674000	2660.979704
31.772000	2726.212299
31.870000	2792.443572
31.968000	2859.680578
32.066000	2927.930374
32.164000	2997.200014
32.262000	3067.496556
32.360000	3138.827057
32.458000	3211.198574
32.556000	3284.618164
32.654000	3359.092887
32.752000	3434.629800
32.850000	3511.235962
32.948000	3588.918433
33.046000	3667.684272
33.144000	3747.540540
33.242000	3828.494296
33.340000	3910.552603
33.438000	3993.722519
33.536000	4078.011109
33.634000	4163.425432
33.732000	4249.972553
33.830000	4337.659532
33.928000	4426.493435
34.026000	4516.481323
34.124000	4607.630262
34.222000	4699.947315
34.320000	4793.439548
34.418000	4888.114025
34.516000	4983.977813
34.614000	5081.037977
34.712000	5179.301585
34.810000	5278.775704
34.908000	5379.467401
35.006000	5481.383745
35.104000	5584.531805
35.202000	5688.918650
35.300000	5794.551352
35.398000	5901.436980
35.496000	6009.582606
35.594000	6118.995304
35.692000	6229.682147
35.790000	6341.650208
35.888000	6454.906564
35.986000	6569.458291
36.084000	6685.312466
36.182000	6802.476168
36.280000	6920.956478
36.378000	7040.760477
36.476000	7161.895249
36.574000	7284.367878
36.672000	7408.185452
36.770000	7533.355059
36.868000	7659.883791
36.966000	7787.778741
37.064000	7917.047006
37.162000	8047.695686
37.260000	8179.731883
37.358000	8313.162704
37.456000	8447.995258
37.554000	8584.236660
37.652000	8721.894029
37.750000	8860.974489
37.848000	9001.485171
37.946000	9143.433211
38.044000	9286.825752
38.142000	9431.669944
38.240000	9577.972947
38.338000	9725.741929
38.436000	9874.984068
38.534000	10025.706554
38.632000	10177.916587
38.730000	10331.621385
38.828000	10486.828176
38.926000	10643.544206
39.024000	10801.776741
39.122000	10961.533065
39.220000	11122.820483
39.318000	11285.646327
39.416000	11450.017952
39.514000	11615.942746
39.612000	11783.428127
39.710000	11952.481549
39.808000	12123.110507
39.906000	12295.322536
40.004000	12469.125222
40.102000	12644.526202
40.200000	12821.533172
40.298000	13000.153892
40.396000	13180.396192
40.494000	13362.267980
40.592000	13545.777250
40.690000	13730.932092
40.788000	13917.740699
40.886000	14106.211380
40.984000	14296.352571
41.082000	14488.172848
41.180000	14681.680942
41.278000	14876.885754
41.376000	15073.796374
41.474000	15272.422099
41.572000	15472.772454
41.670000	15674.857217
41.768000	15878.686445
41.866000	16084.270502
41.964000	16291.620088
42.062000	16500.746279
42.160000	16711.660562
42.258000	16924.374878
42.356000	17138.901670
42.454000	17355.253932
42.552000	17573.445269
42.650000	17793.489956
42.748000	18015.403012
42.846000	18239.200271
42.944000	18464.898471
43.042000	18692.515344
43.140000	18922.069718
43.238000	19153.581633
43.336000	19387.072463
43.434000	19622.565053
43.532000	19860.083871
43.630000	20099.655180
43.728000	20341.307212
43.826000	20585.070383
43.924000	20830.977509
44.022000	21079.064055
44.120000	21329.368413
44.218000	21581.932194
44.316000	21836.800570
44.414000	22094.022631
44.512000	22353.651795
44.610000	22615.746250
44.708000	22880.369448
44.806000	23147.590644
44.904000	23417.485495
45.002000	23690.136720
45.100000	23965.634825
45.198000	24244.078907
45.296000	24525.577538
45.394000	24810.249738
45.492000	25098.226054
45.590000	25389.649746
45.688000	25684.678094
45.786000	25983.483846
45.884000	26286.256805
45.982000	26593.205589
46.080000	26904.559567
46.178000	27220.570995
46.276000	27541.517374
46.374000	27867.704047
46.472000	28199.467069
46.570000	28537.176366
46.668000	28881.239224
46.766000	29232.104134
46.864000	29590.265038
46.962000	29956.266007
47.060000	30330.706399
47.158000	30714.246558
47.256000	31107.614089
47.354000	31511.610782
47.452000	31927.120256
47.550000	32355.116378
47.648000	32796.672561
47.746000	33252.972007
47.844000	33725.319019
47.942000	34215.151461
48.040000	34724.054518
48.138000	35253.775861
48.236000	35806.242374
48.334000	36383.578613
48.432000	36988.127152
48.530000	37622.471036
48.628000	38289.458538
48.726000	38992.230468
48.824000	39734.250294
48.922000	40519.337361
49.020000	41351.703538
49.118000	42235.993630
49.216000	43177.329955
49.314000	44181.361508
49.412000	45254.318195
49.510000	46403.070637
49.608000	47635.196149
49.706000	48959.051494
49.804000	50383.853145
49.902000	51919.765796
50.000000	53578.000000
