0.033000	8.074601
0.044934	5.930079
0.056868	4.685638
0.068802	3.872913
0.080736	3.300465
0.092670	2.875469
0.104604	2.547462
0.116538	2.286651
0.128472	2.074315
0.140406	1.898095
0.152340	1.749510
0.164274	1.622539
0.176208	1.512795
0.188142	1.417004
0.200076	1.332674
0.212010	1.257872
0.223944	1.191080
0.235878	1.131086
0.247812	1.076913
0.259746	1.027761
0.271680	0.982973
0.283614	0.942004
0.295548	0.904393
0.307482	0.869755
0.319416	0.837760
0.331350	0.808126
0.343284	0.780613
0.355218	0.755010
0.367152	0.731136
0.379086	0.708830
0.391020	0.687955
0.402954	0.668387
0.414888	0.650017
0.426822	0.632749
0.438756	0.616498
0.450690	0.601187
0.462624	0.586747
0.474558	0.573118
0.486492	0.560243
0.498426	0.548073
0.510360	0.536563
0.522294	0.525671
0.534228	0.515361
0.546162	0.505598
0.558096	0.496353
0.570030	0.487596
0.581964	0.479302
0.593898	0.471448
0.605832	0.464011
0.617766	0.456972
0.629700	0.450312
0.641634	0.444015
0.653568	0.438065
0.665502	0.432447
0.677436	0.427150
0.689370	0.422159
0.701304	0.417464
0.713238	0.413054
0.725172	0.408920
0.737106	0.405053
0.749040	0.401443
0.760974	0.398084
0.772908	0.394968
0.784842	0.392088
0.796776	0.389437
0.808710	0.387012
0.820644	0.384804
0.832578	0.382811
0.844512	0.381026
0.856446	0.379446
0.868380	0.378066
0.880314	0.376883
0.892248	0.375893
0.904182	0.375093
0.916116	0.374479
0.928050	0.374050
0.939984	0.373801
0.951918	0.373731
0.963852	0.373838
0.975786	0.374119
0.987720	0.374573
0.999654	0.375197
1.011588	0.375990
1.023522	0.376951
1.035456	0.378077
1.047390	0.379368
1.059324	0.380822
1.071258	0.382439
1.083192	0.384216
1.095126	0.386155
1.107060	0.388253
1.118994	0.390509
1.130928	0.392924
1.142862	0.395496
1.154796	0.398226
1.166730	0.401112
1.178664	0.404154
1.190598	0.407353
1.202532	0.410706
1.214466	0.414216
1.226400	0.417880
1.238334	0.421700
1.250268	0.425674
1.262202	0.429804
1.274136	0.434089
1.286070	0.438529
1.298004	0.443124
1.309938	0.447874
1.321872	0.452780
1.333806	0.457842
1.345740	0.463059
1.357674	0.468433
1.369608	0.473963
1.381542	0.479651
1.393476	0.485495
1.405410	0.491497
1.417344	0.497657
1.429278	0.503975
1.441212	0.510452
1.453146	0.517088
1.465080	0.523884
1.477014	0.530840
1.488948	0.537958
1.500882	0.545236
1.512816	0.552677
1.524750	0.560280
1.536684	0.568046
1.548618	0.575976
1.560552	0.584070
1.572486	0.592329
1.584420	0.600754
1.596354	0.609345
1.608288	0.618104
1.620222	0.627029
1.632156	0.636124
1.644090	0.645387
1.656024	0.654821
1.667958	0.664425
1.679892	0.674200
1.691826	0.684148
1.703760	0.694268
1.715694	0.704562
1.727628	0.715031
1.739562	0.725674
1.751496	0.736494
1.763430	0.747491
1.775364	0.758666
1.787298	0.770019
1.799232	0.781551
1.811166	0.793264
1.823100	0.805158
1.835034	0.817234
1.846968	0.829492
1.858902	0.841934
1.870836	0.854561
1.882770	0.867374
1.894704	0.880372
1.906638	0.893558
1.918572	0.906932
1.930506	0.920495
1.942440	0.934248
1.954374	0.948192
1.966308	0.962328
1.978242	0.976657
1.990176	0.991179
2.002110	1.005895
2.014044	1.020808
2.025978	1.035916
2.037912	1.051222
2.049846	1.066727
2.061780	1.082431
2.073714	1.098335
2.085648	1.114440
2.097582	1.130747
2.109516	1.147258
2.121450	1.163973
2.133384	1.180893
2.145318	1.198019
2.157252	1.215352
2.169186	1.232893
2.181120	1.250643
2.193054	1.268603
2.204988	1.286774
2.216922	1.305157
2.228856	1.323753
2.240790	1.342563
2.252724	1.361588
2.264658	1.380829
2.276592	1.400287
2.288526	1.419963
2.300460	1.439859
2.312394	1.459974
2.324328	1.480310
2.336262	1.500868
2.348196	1.521649
2.360130	1.542655
2.372064	1.563885
2.383998	1.585342
2.395932	1.607026
2.407866	1.628938
2.419800	1.651079
2.431734	1.673450
2.443668	1.696053
2.455602	1.718888
2.467536	1.741956
2.479470	1.765259
2.491404	1.788797
2.503338	1.812572
2.515272	1.836584
2.527206	1.860834
2.539140	1.885324
2.551074	1.910055
2.563008	1.935027
2.574942	1.960242
2.586876	1.985701
2.598810	2.011405
2.610744	2.037354
2.622678	2.063551
2.634612	2.089995
2.646546	2.116688
2.658480	2.143632
2.670414	2.170826
2.682348	2.198273
2.694282	2.225973
2.706216	2.253927
2.718150	2.282136
2.730084	2.310602
2.742018	2.339325
2.753952	2.368307
2.765886	2.397548
2.777820	2.427050
2.789754	2.456814
2.801688	2.486841
2.813622	2.517131
2.825556	2.547686
2.837490	2.578507
2.849424	2.609595
2.861358	2.640951
2.873292	2.672577
2.885226	2.704472
2.897160	2.736639
2.909094	2.769079
2.921028	2.801791
2.932962	2.834779
2.944896	2.868041
2.956830	2.901581
2.968764	2.935398
2.980698	2.969494
2.992632	3.003870
3.004566	3.038527
3.016500	3.073466
3.028434	3.108688
3.040368	3.144194
3.052302	3.179985
3.064236	3.216063
3.076170	3.252428
3.088104	3.289081
3.100038	3.326025
3.111972	3.363259
3.123906	3.400784
3.135840	3.438602
3.147774	3.476715
3.159708	3.515122
3.171642	3.553825
3.183576	3.592826
3.195510	3.632124
3.207444	3.671722
3.219378	3.711620
3.231312	3.751820
3.243246	3.792323
3.255180	3.833129
3.267114	3.874239
3.279048	3.915656
3.290982	3.957379
3.302916	3.999410
3.314850	4.041751
3.326784	4.084401
3.338718	4.127363
3.350652	4.170637
3.362586	4.214225
3.374520	4.258127
3.386454	4.302344
3.398388	4.346879
3.410322	4.391731
3.422256	4.436902
3.434190	4.482392
3.446124	4.528204
3.458058	4.574338
3.469992	4.620795
3.481926	4.667577
3.493860	4.714684
3.505794	4.762117
3.517728	4.809878
3.529662	4.857968
3.541596	4.906387
3.553530	4.955137
3.565464	5.004219
3.577398	5.053634
3.589332	5.103384
3.601266	5.153468
3.613200	5.203889
3.625134	5.254647
3.637068	5.305744
3.649002	5.357180
3.660936	5.408957
3.672870	5.461076
3.684804	5.513537
3.696738	5.566343
3.708672	5.619493
3.720606	5.672990
3.732540	5.726834
3.744474	5.781026
3.756408	5.835568
3.768342	5.890460
3.780276	5.945704
3.792210	6.001301
3.804144	6.057252
3.816078	6.113557
3.828012	6.170218
3.839946	6.227237
3.851880	6.284614
3.863814	6.342350
3.875748	6.400446
3.887682	6.458904
3.899616	6.517724
3.911550	6.576909
3.923484	6.636458
3.935418	6.696372
3.947352	6.756654
3.959286	6.817304
3.971220	6.878323
3.983154	6.939713
3.995088	7.001473
4.007022	7.063607
4.018956	7.126113
4.030890	7.188995
4.042824	7.252252
4.054758	7.315886
4.066692	7.379898
4.078626	7.444289
4.090560	7.509060
4.102494	7.574213
4.114428	7.639748
4.126362	7.705666
4.138296	7.771969
4.150230	7.838658
4.162164	7.905733
4.174098	7.973196
4.186032	8.041049
4.197966	8.109291
4.209900	8.177924
4.221834	8.246950
4.233768	8.316369
4.245702	8.386182
4.257636	8.456391
4.269570	8.526997
4.281504	8.598001
4.293438	8.669403
4.305372	8.741205
4.317306	8.813409
4.329240	8.886014
4.341174	8.959023
4.353108	9.032436
4.365042	9.106255
4.376976	9.180480
4.388910	9.255113
4.400844	9.330155
4.412778	9.405606
4.424712	9.481469
4.436646	9.557743
4.448580	9.634431
4.460514	9.711533
4.472448	9.789051
4.484382	9.866985
4.496316	9.945336
4.508250	10.024107
4.520184	10.103297
4.532118	10.182908
4.544052	10.262941
4.555986	10.343397
4.567920	10.424277
4.579854	10.505583
4.591788	10.587315
4.603722	10.669474
4.615656	10.752063
4.627590	10.835080
4.639524	10.918529
4.651458	11.002410
4.663392	11.086724
4.675326	11.171471
4.687260	11.256655
4.699194	11.342274
4.711128	11.428331
4.723062	11.514826
4.734996	11.601761
4.746930	11.689137
4.758864	11.776955
4.770798	11.865216
4.782732	11.953920
4.794666	12.043070
4.806600	12.132666
4.818534	12.222710
4.830468	12.313202
4.842402	12.404144
4.854336	12.495536
4.866270	12.587380
4.878204	12.679677
4.890138	12.772428
4.902072	12.865635
4.914006	12.959297
4.925940	13.053417
4.937874	13.147995
4.949808	13.243032
4.961742	13.338531
4.973676	13.434491
4.985610	13.530914
4.997544	13.627801
5.009478	13.725152
5.021412	13.822970
5.033346	13.921256
5.045280	14.020009
5.057214	14.119232
5.069148	14.218926
5.081082	14.319092
5.093016	14.419730
5.104950	14.520842
5.116884	14.622429
5.128818	14.724492
5.140752	14.827032
5.152686	14.930051
5.164620	15.033549
5.176554	15.137528
5.188488	15.241988
5.200422	15.346931
5.212356	15.452358
5.224290	15.558270
5.236224	15.664667
5.248158	15.771552
5.260092	15.878926
5.272026	15.986788
5.283960	16.095141
5.295894	16.203986
5.307828	16.313323
5.319762	16.423154
5.331696	16.533480
5.343630	16.644302
5.355564	16.755621
5.367498	16.867439
5.379432	16.979755
5.391366	17.092572
5.403300	17.205891
5.415234	17.319712
5.427168	17.434037
5.439102	17.548867
5.451036	17.664203
5.462970	17.780046
5.474904	17.896397
5.486838	18.013257
5.498772	18.130627
5.510706	18.248509
5.522640	18.366904
5.534574	18.485813
5.546508	18.605236
5.558442	18.725175
5.570376	18.845631
5.582310	18.966605
5.594244	19.088099
5.606178	19.210112
5.618112	19.332648
5.630046	19.455705
5.641980	19.579287
5.653914	19.703393
5.665848	19.828025
5.677782	19.953184
5.689716	20.078871
5.701650	20.205087
5.713584	20.331834
5.725518	20.459112
5.737452	20.586922
5.749386	20.715266
5.761320	20.844145
5.773254	20.973560
5.785188	21.103511
5.797122	21.234001
5.809056	21.365029
5.820990	21.496598
5.832924	21.628709
5.844858	21.761361
5.856792	21.894558
5.868726	22.028299
5.880660	22.162586
5.892594	22.297419
5.904528	22.432801
5.916462	22.568732
5.928396	22.705213
5.940330	22.842245
5.952264	22.979830
5.964198	23.117968
5.976132	23.256661
5.988066	23.395909
6.000000	23.535715
