1.000000	-572.043670
1.098000	-520.835079
1.196000	-477.975756
1.294000	-441.561363
1.392000	-410.223259
1.490000	-382.952325
1.588000	-358.988035
1.686000	-337.746203
1.784000	-318.770552
1.882000	-301.699407
1.980000	-286.242291
2.078000	-272.163126
2.176000	-259.267994
2.274000	-247.396043
2.372000	-236.412664
2.470000	-226.204279
2.568000	-216.674331
2.666000	-207.740156
2.764000	-199.330518
2.862000	-191.383655
2.960000	-183.845707
3.058000	-176.669455
3.156000	-169.813285
3.254000	-163.240346
3.352000	-156.917855
3.450000	-150.816516
3.548000	-144.910043
3.646000	-139.174750
3.744000	-133.589215
3.842000	-128.133991
3.940000	-122.791357
4.038000	-117.545111
4.136000	-112.380392
4.234000	-107.283520
4.332000	-102.241866
4.430000	-97.243735
4.528000	-92.278265
4.626000	-87.335337
4.724000	-82.405501
4.822000	-77.479906
4.920000	-72.550240
5.018000	-67.608679
5.116000	-62.647839
5.214000	-57.660734
5.312000	-52.640743
5.410000	-47.581571
5.508000	-42.477226
5.606000	-37.321988
5.704000	-32.110388
5.802000	-26.837186
5.900000	-21.497354
5.998000	-16.086053
6.096000	-10.598625
6.194000	-5.030574
6.292000	0.622445
6.390000	6.364637
6.488000	12.200080
6.586000	18.132732
6.684000	24.166441
6.782000	30.304952
6.880000	36.551915
6.978000	42.910892
7.076000	49.385364
7.174000	55.978732
7.272000	62.694328
7.370000	69.535418
7.468000	76.505202
7.566000	83.606826
7.664000	90.843379
7.762000	98.217899
7.860000	105.733376
7.958000	113.392755
8.056000	121.198940
8.154000	129.154794
8.252000	137.263143
8.350000	145.526777
8.448000	153.948454
8.546000	162.530901
8.644000	171.276814
8.742000	180.188862
8.840000	189.269688
8.938000	198.521911
9.036000	207.948124
9.134000	217.550900
9.232000	227.332790
9.330000	237.296325
9.428000	247.444018
9.526000	257.778363
9.624000	268.301838
9.722000	279.016903
9.820000	289.926005
9.918000	301.031574
10.016000	312.336029
10.114000	323.841773
10.212000	335.551199
10.310000	347.466685
10.408000	359.590600
10.506000	371.925301
10.604000	384.473135
10.702000	397.236440
10.800000	410.217543
10.898000	423.418762
10.996000	436.842407
11.094000	450.490780
11.192000	464.366176
11.290000	478.470879
11.388000	492.807170
11.486000	507.377320
11.584000	522.183595
11.682000	537.228253
11.780000	552.513549
11.878000	568.041730
11.976000	583.815036
12.074000	599.835705
12.172000	616.105967
12.270000	632.628049
12.368000	649.404173
12.466000	666.436555
12.564000	683.727407
12.662000	701.278939
12.760000	719.093354
12.858000	737.172854
12.956000	755.519633
13.054000	774.135886
13.152000	793.023803
13.250000	812.185569
13.348000	831.623367
13.446000	851.339377
13.544000	871.335777
13.642000	891.614740
13.740000	912.178438
13.838000	933.029038
13.936000	954.168708
14.034000	975.599611
14.132000	997.323906
14.230000	1019.343755
14.328000	1041.661312
14.426000	1064.278733
14.524000	1087.198169
14.622000	1110.421770
14.720000	1133.951686
14.818000	1157.790061
14.916000	1181.939042
15.014000	1206.400770
15.112000	1231.177386
15.210000	1256.271030
15.308000	1281.683840
15.406000	1307.417952
15.504000	1333.475500
15.602000	1359.858618
15.700000	1386.569437
15.798000	1413.610088
15.896000	1440.982700
15.994000	1468.689401
16.092000	1496.732318
16.190000	1525.113575
16.288000	1553.835297
16.386000	1582.899607
16.484000	1612.308627
16.582000	1642.064478
16.680000	1672.169280
16.778000	1702.625151
16.876000	1733.434210
16.974000	1764.598572
17.072000	1796.120355
17.170000	1828.001673
17.268000	1860.244640
17.366000	1892.851370
17.464000	1925.823976
17.562000	1959.164568
17.660000	1992.875258
17.758000	2026.958156
17.856000	2061.415372
17.954000	2096.249013
18.052000	2131.461189
18.150000	2167.054006
18.248000	2203.029572
18.346000	2239.389992
18.444000	2276.137371
18.542000	2313.273815
18.640000	2350.801427
18.738000	2388.722311
18.836000	2427.038571
18.934000	2465.752309
19.032000	2504.865626
19.130000	2544.380624
19.228000	2584.299405
19.326000	2624.624068
19.424000	2665.356714
19.522000	2706.499442
19.620000	2748.054351
19.718000	2790.023540
19.816000	2832.409106
19.914000	2875.213149
20.012000	2918.437764
20.110000	2962.085049
20.208000	3006.157100
20.306000	3050.656014
20.404000	3095.583886
20.502000	3140.942811
20.600000	3186.734885
20.698000	3232.962203
20.796000	3279.626858
20.894000	3326.730945
20.992000	3374.276557
21.090000	3422.265789
21.188000	3470.700731
21.286000	3519.583479
21.384000	3568.916123
21.482000	3618.700757
21.580000	3668.939471
21.678000	3719.634358
21.776000	3770.787509
21.874000	3822.401015
21.972000	3874.476967
22.070000	3927.017455
22.168000	3980.024570
22.266000	4033.500402
22.364000	4087.447040
22.462000	4141.866575
22.560000	4196.761094
22.658000	4252.132689
22.756000	4307.983447
22.854000	4364.315458
22.952000	4421.130809
23.050000	4478.431590
23.148000	4536.219887
23.246000	4594.497790
23.344000	4653.267386
23.442000	4712.530763
23.540000	4772.290007
23.638000	4832.547206
23.736000	4893.304447
23.834000	4954.563816
23.932000	5016.327401
24.030000	5078.597289
24.128000	5141.375564
24.226000	5204.664314
24.324000	5268.465624
24.422000	5332.781581
24.520000	5397.614269
24.618000	5462.965775
24.716000	5528.838185
24.814000	5595.233582
24.912000	5662.154054
25.010000	5729.601683
25.108000	5797.578556
25.206000	5866.086758
25.304000	5935.128372
25.402000	6004.705483
25.500000	6074.820176
25.598000	6145.474535
25.696000	6216.670644
25.794000	6288.410587
25.892000	6360.696448
25.990000	6433.530311
26.088000	6506.914260
26.186000	6580.850377
26.284000	6655.340747
26.382000	6730.387454
26.480000	6805.992579
26.578000	6882.158207
26.676000	6958.886421
26.774000	7036.179303
26.872000	7114.038936
26.970000	7192.467404
27.068000	7271.466788
27.166000	7351.039173
27.264000	7431.186639
27.362000	7511.911270
27.460000	7593.215147
27.558000	7675.100354
27.656000	7757.568973
27.754000	7840.623085
27.852000	7924.264772
27.950000	8008.496117
28.048000	8093.319201
28.146000	8178.736107
28.244000	8264.748916
28.342000	8351.359709
28.440000	8438.570569
28.538000	8526.383576
28.636000	8614.800813
28.734000	8703.824361
28.832000	8793.456300
28.930000	8883.698713
29.028000	8974.553680
29.126000	9066.023283
29.224000	9158.109602
29.322000	9250.814720
29.420000	9344.140716
29.518000	9438.089671
29.616000	9532.663667
29.714000	9627.864784
29.812000	9723.695104
29.910000	9820.156705
30.008000	9917.251671
30.106000	10014.982079
30.204000	10113.350013
30.302000	10212.357551
30.400000	10312.006774
30.498000	10412.299763
30.596000	10513.238598
30.694000	10614.825359
30.792000	10717.062126
30.890000	10819.950980
30.988000	10923.494001
31.086000	11027.693269
31.184000	11132.550863
31.282000	11238.068865
31.380000	11344.249353
31.478000	11451.094408
31.576000	11558.606109
31.674000	11666.786537
31.772000	11775.637771
31.870000	11885.161891
31.968000	11995.360977
32.066000	12106.237108
32.164000	12217.792364
32.262000	12330.028825
32.360000	12442.948570
32.458000	12556.553678
32.556000	12670.846230
32.654000	12785.828304
32.752000	12901.501980
32.850000	13017.869338
32.948000	13134.932456
33.046000	13252.693415
33.144000	13371.154293
33.242000	13490.317170
33.340000	13610.184124
33.438000	13730.757235
33.536000	13852.038583
33.634000	13974.030246
33.732000	14096.734303
33.830000	14220.152834
33.928000	14344.287918
34.026000	14469.141633
34.124000	14594.716058
34.222000	14721.013273
34.320000	14848.035357
34.418000	14975.784387
34.516000	15104.262444
34.614000	15233.471606
34.712000	15363.413952
34.810000	15494.091560
34.908000	15625.506510
35.006000	15757.660880
35.104000	15890.556749
35.202000	16024.196196
35.300000	16158.581299
35.398000	16293.714137
35.496000	16429.596788
35.594000	16566.231332
35.692000	16703.619846
35.790000	16841.764410
35.888000	16980.667101
35.986000	17120.329999
36.084000	17260.755182
36.182000	17401.944728
36.280000	17543.900716
36.378000	17686.625224
36.476000	17830.120331
36.574000	17974.388115
36.672000	18119.430654
36.770000	18265.250027
36.868000	18411.848312
36.966000	18559.227588
37.064000	18707.389932
37.162000	18856.337423
37.260000	19006.072140
37.358000	19156.596160
37.456000	19307.911562
37.554000	19460.020423
37.652000	19612.924823
37.750000	19766.626840
37.848000	19921.128550
37.946000	20076.432034
38.044000	20232.539368
38.142000	20389.452631
38.240000	20547.173901
38.338000	20705.705255
38.436000	20865.048774
38.534000	21025.206533
38.632000	21186.180611
38.730000	21347.973086
38.828000	21510.586037
38.926000	21674.021541
39.024000	21838.281676
39.122000	22003.368520
39.220000	22169.284151
39.318000	22336.030648
39.416000	22503.610087
39.514000	22672.024547
39.612000	22841.276105
39.710000	23011.366840
39.808000	23182.298830
39.906000	23354.074152
40.004000	23526.694884
40.102000	23700.163104
40.200000	23874.480890
40.298000	24049.650319
40.396000	24225.673470
40.494000	24402.552420
40.592000	24580.289247
40.690000	24758.886028
40.788000	24938.344842
40.886000	25118.667766
40.984000	25299.856878
41.082000	25481.914256
41.180000	25664.841977
41.278000	25848.642118
41.376000	26033.316759
41.474000	26218.867976
41.572000	26405.297846
41.670000	26592.608449
41.768000	26780.801860
41.866000	26969.880159
41.964000	27159.845421
42.062000	27350.699726
42.160000	27542.445151
42.258000	27735.083773
42.356000	27928.617670
42.454000	28123.048919
42.552000	28318.379598
42.650000	28514.611785
42.748000	28711.747557
42.846000	28909.788992
42.944000	29108.738166
43.042000	29308.597158
43.140000	29509.368046
43.238000	29711.052906
43.336000	29913.653816
43.434000	30117.172853
43.532000	30321.612096
43.630000	30526.973622
43.728000	30733.259507
43.826000	30940.471830
43.924000	31148.612667
44.022000	31357.684097
44.120000	31567.688197
44.218000	31778.627044
44.316000	31990.502715
44.414000	32203.317289
44.512000	32417.072841
44.610000	32631.771451
44.708000	32847.415194
44.806000	33064.006149
44.904000	33281.546393
45.002000	33500.038003
45.100000	33719.483057
45.198000	33939.883632
45.296000	34161.241804
45.394000	34383.559653
45.492000	34606.839254
45.590000	34831.082685
45.688000	35056.292024
45.786000	35282.469348
45.884000	35509.616734
45.982000	35737.736260
46.080000	35966.830002
46.178000	36196.900038
46.276000	36427.948445
46.374000	36659.977301
46.472000	36892.988682
46.570000	37126.984667
46.668000	37361.967331
46.766000	37597.938754
46.864000	37834.901011
46.962000	38072.856180
47.060000	38311.806338
47.158000	38551.753563
47.256000	38792.699931
47.354000	39034.647521
47.452000	39277.598408
47.550000	39521.554671
47.648000	39766.518386
47.746000	40012.491630
47.844000	40259.476482
47.942000	40507.475017
48.040000	40756.489314
48.138000	41006.521449
48.236000	41257.573500
48.334000	41509.647543
48.432000	41762.745656
48.530000	42016.869916
48.628000	42272.022400
48.726000	42528.205185
48.824000	42785.420349
48.922000	43043.669968
49.020000	43302.956120
49.118000	43563.280882
49.216000	43824.646331
49.314000	44087.054543
49.412000	44350.507597
49.510000	44615.007569
49.608000	44880.556536
49.706000	45147.156575
49.804000	45414.809764
49.902000	45683.518180
50.000000	45953.283899
