0.200000	-0.000158
0.219600	-0.000140
0.239200	-0.000119
0.258800	-0.000094
0.278400	-0.000063
0.298000	-0.000027
0.317600	0.000014
0.337200	0.000061
0.356800	0.000115
0.376400	0.000176
0.396000	0.000243
0.415600	0.000318
0.435200	0.000401
0.454800	0.000492
0.474400	0.000592
0.494000	0.000701
0.513600	0.000819
0.533200	0.000946
0.552800	0.001084
0.572400	0.001232
0.592000	0.001391
0.611600	0.001562
0.631200	0.001744
0.650800	0.001937
0.670400	0.002144
0.690000	0.002362
0.709600	0.002594
0.729200	0.002840
0.748800	0.003099
0.768400	0.003372
0.788000	0.003660
0.807600	0.003963
0.827200	0.004281
0.846800	0.004615
0.866400	0.004965
0.886000	0.005331
0.905600	0.005714
0.925200	0.006114
0.944800	0.006532
0.964400	0.006967
0.984000	0.007421
1.003600	0.007894
1.023200	0.008386
1.042800	0.008897
1.062400	0.009427
1.082000	0.009978
1.101600	0.010549
1.121200	0.011142
1.140800	0.011755
1.160400	0.012390
1.180000	0.013047
1.199600	0.013727
1.219200	0.014429
1.238800	0.015154
1.258400	0.015903
1.278000	0.016676
1.297600	0.017472
1.317200	0.018294
1.336800	0.019140
1.356400	0.020012
1.376000	0.020909
1.395600	0.021832
1.415200	0.022782
1.434800	0.023759
1.454400	0.024762
1.474000	0.025794
1.493600	0.026853
1.513200	0.027941
1.532800	0.029057
1.552400	0.030202
1.572000	0.031376
1.591600	0.032581
1.611200	0.033815
1.630800	0.035080
1.650400	0.036376
1.670000	0.037703
1.689600	0.039061
1.709200	0.040452
1.728800	0.041875
1.748400	0.043330
1.768000	0.044819
1.787600	0.046341
1.807200	0.047897
1.826800	0.049487
1.846400	0.051111
1.866000	0.052770
1.885600	0.054465
1.905200	0.056195
1.924800	0.057962
1.944400	0.059764
1.964000	0.061604
1.983600	0.063480
2.003200	0.065394
2.022800	0.067346
2.042400	0.069336
2.062000	0.071364
2.081600	0.073432
2.101200	0.075538
2.120800	0.077685
2.140400	0.079871
2.160000	0.082098
2.179600	0.084365
2.199200	0.086674
2.218800	0.089024
2.238400	0.091415
2.258000	0.093849
2.277600	0.096326
2.297200	0.098845
2.316800	0.101408
2.336400	0.104015
2.356000	0.106665
2.375600	0.109360
2.395200	0.112099
2.414800	0.114883
2.434400	0.117713
2.454000	0.120589
2.473600	0.123511
2.493200	0.126479
2.512800	0.129495
2.532400	0.132557
2.552000	0.135667
2.571600	0.138825
2.591200	0.142031
2.610800	0.145286
2.630400	0.148590
2.650000	0.151944
2.669600	0.155347
2.689200	0.158800
2.708800	0.162303
2.728400	0.165858
2.748000	0.169463
2.767600	0.173120
2.787200	0.176829
2.806800	0.180590
2.826400	0.184404
2.846000	0.188271
2.865600	0.192190
2.885200	0.196164
2.904800	0.200191
2.924400	0.204273
2.944000	0.208409
2.963600	0.212601
2.983200	0.216847
3.002800	0.221150
3.022400	0.225508
3.042000	0.229923
3.061600	0.234395
3.081200	0.238924
3.100800	0.243510
3.120400	0.248154
3.140000	0.252856
3.159600	0.257617
3.179200	0.262436
3.198800	0.267315
3.218400	0.272253
3.238000	0.277251
3.257600	0.282309
3.277200	0.287427
3.296800	0.292607
3.316400	0.297848
3.336000	0.303150
3.355600	0.308514
3.375200	0.313940
3.394800	0.319429
3.414400	0.324981
3.434000	0.330596
3.453600	0.336274
3.473200	0.342017
3.492800	0.347823
3.512400	0.353694
3.532000	0.359630
3.551600	0.365632
3.571200	0.371698
3.590800	0.377831
3.610400	0.384030
3.630000	0.390295
3.649600	0.396627
3.669200	0.403026
3.688800	0.409493
3.708400	0.416027
3.728000	0.422630
3.747600	0.429301
3.767200	0.436041
3.786800	0.442850
3.806400	0.449728
3.826000	0.456676
3.845600	0.463693
3.865200	0.470782
3.884800	0.477940
3.904400	0.485170
3.924000	0.492471
3.943600	0.499844
3.963200	0.507288
3.982800	0.514805
4.002400	0.522394
4.022000	0.530055
4.041600	0.537790
4.061200	0.545598
4.080800	0.553480
4.100400	0.561436
4.120000	0.569466
4.139600	0.577570
4.159200	0.585750
4.178800	0.594004
4.198400	0.602334
4.218000	0.610739
4.237600	0.619221
4.257200	0.627778
4.276800	0.636412
4.296400	0.645123
4.316000	0.653911
4.335600	0.662777
4.355200	0.671720
4.374800	0.680740
4.394400	0.689839
4.414000	0.699017
4.433600	0.708273
4.453200	0.717608
4.472800	0.727022
4.492400	0.736516
4.512000	0.746089
4.531600	0.755742
4.551200	0.765476
4.570800	0.775289
4.590400	0.785184
4.610000	0.795159
4.629600	0.805216
4.649200	0.815354
4.668800	0.825574
4.688400	0.835875
4.708000	0.846259
4.727600	0.856725
4.747200	0.867273
4.766800	0.877904
4.786400	0.888619
4.806000	0.899416
4.825600	0.910297
4.845200	0.921261
4.864800	0.932309
4.884400	0.943441
4.904000	0.954657
4.923600	0.965958
4.943200	0.977343
4.962800	0.988813
4.982400	1.000368
5.002000	1.012008
5.021600	1.023733
5.041200	1.035543
5.060800	1.047439
5.080400	1.059421
5.100000	1.071489
5.119600	1.083643
5.139200	1.095883
5.158800	1.108210
5.178400	1.120623
5.198000	1.133122
5.217600	1.145709
5.237200	1.158382
5.256800	1.171142
5.276400	1.183989
5.296000	1.196924
5.315600	1.209946
5.335200	1.223055
5.354800	1.236252
5.374400	1.249536
5.394000	1.262908
5.413600	1.276368
5.433200	1.289915
5.452800	1.303551
5.472400	1.317274
5.492000	1.331085
5.511600	1.344985
5.531200	1.358972
5.550800	1.373048
5.570400	1.387211
5.590000	1.401463
5.609600	1.415803
5.629200	1.430231
5.648800	1.444747
5.668400	1.459351
5.688000	1.474044
5.707600	1.488824
5.727200	1.503692
5.746800	1.518649
5.766400	1.533693
5.786000	1.548825
5.805600	1.564045
5.825200	1.579353
5.844800	1.594749
5.864400	1.610231
5.884000	1.625802
5.903600	1.641459
5.923200	1.657204
5.942800	1.673036
5.962400	1.688955
5.982000	1.704961
6.001600	1.721053
6.021200	1.737231
6.040800	1.753496
6.060400	1.769847
6.080000	1.786284
6.099600	1.802806
6.119200	1.819413
6.138800	1.836106
6.158400	1.852883
6.178000	1.869746
6.197600	1.886692
6.217200	1.903722
6.236800	1.920836
6.256400	1.938034
6.276000	1.955314
6.295600	1.972677
6.315200	1.990123
6.334800	2.007650
6.354400	2.025259
6.374000	2.042949
6.393600	2.060719
6.413200	2.078570
6.432800	2.096501
6.452400	2.114511
6.472000	2.132600
6.491600	2.150767
6.511200	2.169012
6.530800	2.187334
6.550400	2.205733
6.570000	2.224208
6.589600	2.242758
6.609200	2.261384
6.628800	2.280083
6.648400	2.298856
6.668000	2.317702
6.687600	2.336621
6.707200	2.355610
6.726800	2.374671
6.746400	2.393801
6.766000	2.413001
6.785600	2.432269
6.805200	2.451604
6.824800	2.471006
6.844400	2.490474
6.864000	2.510007
6.883600	2.529604
6.903200	2.549263
6.922800	2.568985
6.942400	2.588768
6.962000	2.608610
6.981600	2.628512
7.001200	2.648471
7.020800	2.668487
7.040400	2.688559
7.060000	2.708684
7.079600	2.728863
7.099200	2.749094
7.118800	2.769375
7.138400	2.789706
7.158000	2.810084
7.177600	2.830509
7.197200	2.850979
7.216800	2.871493
7.236400	2.892049
7.256000	2.912645
7.275600	2.933281
7.295200	2.953954
7.314800	2.974663
7.334400	2.995406
7.354000	3.016181
7.373600	3.036988
7.393200	3.057823
7.412800	3.078685
7.432400	3.099572
7.452000	3.120483
7.471600	3.141414
7.491200	3.162365
7.510800	3.183333
7.530400	3.204316
7.550000	3.225312
7.569600	3.246318
7.589200	3.267333
7.608800	3.288354
7.628400	3.309378
7.648000	3.330404
7.667600	3.351428
7.687200	3.372448
7.706800	3.393462
7.726400	3.414467
7.746000	3.435459
7.765600	3.456438
7.785200	3.477398
7.804800	3.498339
7.824400	3.519256
7.844000	3.540146
7.863600	3.561007
7.883200	3.581835
7.902800	3.602627
7.922400	3.623380
7.942000	3.644090
7.961600	3.664754
7.981200	3.685369
8.000800	3.705930
8.020400	3.726434
8.040000	3.746877
8.059600	3.767255
8.079200	3.787565
8.098800	3.807802
8.118400	3.827962
8.138000	3.848041
8.157600	3.868035
8.177200	3.887939
8.196800	3.907749
8.216400	3.927460
8.236000	3.947068
8.255600	3.966567
8.275200	3.985953
8.294800	4.005221
8.314400	4.024366
8.334000	4.043382
8.353600	4.062264
8.373200	4.081008
8.392800	4.099606
8.412400	4.118054
8.432000	4.136346
8.451600	4.154476
8.471200	4.172437
8.490800	4.190224
8.510400	4.207831
8.530000	4.225251
8.549600	4.242477
8.569200	4.259503
8.588800	4.276322
8.608400	4.292927
8.628000	4.309310
8.647600	4.325465
8.667200	4.341385
8.686800	4.357061
8.706400	4.372486
8.726000	4.387652
8.745600	4.402551
8.765200	4.417174
8.784800	4.431514
8.804400	4.445562
8.824000	4.459309
8.843600	4.472745
8.863200	4.485863
8.882800	4.498653
8.902400	4.511105
8.922000	4.523209
8.941600	4.534957
8.961200	4.546336
8.980800	4.557338
9.000400	4.567952
9.020000	4.578168
9.039600	4.587973
9.059200	4.597357
9.078800	4.606309
9.098400	4.614818
9.118000	4.622870
9.137600	4.630454
9.157200	4.637559
9.176800	4.644170
9.196400	4.650276
9.216000	4.655863
9.235600	4.660918
9.255200	4.665427
9.274800	4.669376
9.294400	4.672751
9.314000	4.675538
9.333600	4.677722
9.353200	4.679287
9.372800	4.680219
9.392400	4.680501
9.412000	4.680118
9.431600	4.679053
9.451200	4.677289
9.470800	4.674810
9.490400	4.671598
9.510000	4.667635
9.529600	4.662904
9.549200	4.657385
9.568800	4.651061
9.588400	4.643911
9.608000	4.635917
9.627600	4.627058
9.647200	4.617314
9.666800	4.606663
9.686400	4.595086
9.706000	4.582560
9.725600	4.569064
9.745200	4.554574
9.764800	4.539067
9.784400	4.522521
9.804000	4.504912
9.823600	4.486214
9.843200	4.466404
9.862800	4.445455
9.882400	4.423342
9.902000	4.400038
9.921600	4.375517
9.941200	4.349751
9.960800	4.322712
9.980400	4.294372
10.000000	4.264700
