1.000000	3015.069924
1.098000	2952.682641
1.196000	2890.335363
1.294000	2828.031661
1.392000	2765.775107
1.490000	2703.569270
1.588000	2641.417722
1.686000	2579.324032
1.784000	2517.291772
1.882000	2455.324513
1.980000	2393.425824
2.078000	2331.599276
2.176000	2269.848441
2.274000	2208.176889
2.372000	2146.588190
2.470000	2085.085915
2.568000	2023.673635
2.666000	1962.354920
2.764000	1901.133341
2.862000	1840.012469
2.960000	1778.995874
3.058000	1718.087126
3.156000	1657.289798
3.254000	1596.607458
3.352000	1536.043679
3.450000	1475.602030
3.548000	1415.286082
3.646000	1355.099405
3.744000	1295.045571
3.842000	1235.128151
3.940000	1175.350713
4.038000	1115.716830
4.136000	1056.230072
4.234000	996.894010
4.332000	937.712214
4.430000	878.688255
4.528000	819.825703
4.626000	761.128129
4.724000	702.599104
4.822000	644.242199
4.920000	586.060983
5.018000	528.059028
5.116000	470.239905
5.214000	412.607184
5.312000	355.164435
5.410000	297.915229
5.508000	240.863138
5.606000	184.011731
5.704000	127.364579
5.802000	70.925253
5.900000	14.697323
5.998000	-41.315639
6.096000	-97.110064
6.194000	-152.682381
6.292000	-208.029018
6.390000	-263.146406
6.488000	-318.030973
6.586000	-372.679150
6.684000	-427.087364
6.782000	-481.252047
6.880000	-535.169627
6.978000	-588.836533
7.076000	-642.249196
7.174000	-695.404043
7.272000	-748.297505
7.370000	-800.926011
7.468000	-853.285990
7.566000	-905.373872
7.664000	-957.186086
7.762000	-1008.719061
7.860000	-1059.969227
7.958000	-1110.933013
8.056000	-1161.606849
8.154000	-1211.987163
8.252000	-1262.070386
8.350000	-1311.852946
8.448000	-1361.331273
8.546000	-1410.501796
8.644000	-1459.360945
8.742000	-1507.905149
8.840000	-1556.130837
8.938000	-1604.034439
9.036000	-1651.612384
9.134000	-1698.861102
9.232000	-1745.777021
9.330000	-1792.356571
9.428000	-1838.596182
9.526000	-1884.492283
9.624000	-1930.041303
9.722000	-1975.239671
9.820000	-2020.083818
9.918000	-2064.570171
10.016000	-2108.695162
10.114000	-2152.455218
10.212000	-2195.846770
10.310000	-2238.866247
10.408000	-2281.510077
10.506000	-2323.774691
10.604000	-2365.656518
10.702000	-2407.151987
10.800000	-2448.257528
10.898000	-2488.969570
10.996000	-2529.284541
11.094000	-2569.198873
11.192000	-2608.708993
11.290000	-2647.811332
11.388000	-2686.502319
11.486000	-2724.778382
11.584000	-2762.635952
11.682000	-2800.071458
11.780000	-2837.081329
11.878000	-2873.661994
11.976000	-2909.809883
12.074000	-2945.521426
12.172000	-2980.793051
12.270000	-3015.621188
12.368000	-3050.002266
12.466000	-3083.932715
12.564000	-3117.408964
12.662000	-3150.427442
12.760000	-3182.984580
12.858000	-3215.076805
12.956000	-3246.700547
13.054000	-3277.852237
13.152000	-3308.528303
13.250000	-3338.725174
13.348000	-3368.439280
13.446000	-3397.667050
13.544000	-3426.404914
13.642000	-3454.649301
13.740000	-3482.396641
13.838000	-3509.643362
13.936000	-3536.385894
14.034000	-3562.620666
14.132000	-3588.344109
14.230000	-3613.552650
14.328000	-3638.242720
14.426000	-3662.410748
14.524000	-3686.053163
14.622000	-3709.166394
14.720000	-3731.746872
14.818000	-3753.791025
14.916000	-3775.295282
15.014000	-3796.256074
15.112000	-3816.669829
15.210000	-3836.532977
15.308000	-3855.841946
15.406000	-3874.593168
15.504000	-3892.783070
15.602000	-3910.408082
15.700000	-3927.464634
15.798000	-3943.949154
15.896000	-3959.858073
15.994000	-3975.187820
16.092000	-3989.934823
16.190000	-4004.095513
16.288000	-4017.666319
16.386000	-4030.643670
16.484000	-4043.023995
16.582000	-4054.803724
16.680000	-4065.979286
16.778000	-4076.547110
16.876000	-4086.503627
16.974000	-4095.845264
17.072000	-4104.568452
17.170000	-4112.669621
17.268000	-4120.145198
17.366000	-4126.991614
17.464000	-4133.205298
17.562000	-4138.782680
17.660000	-4143.720188
17.758000	-4148.014252
17.856000	-4151.661302
17.954000	-4154.657767
18.052000	-4157.000076
18.150000	-4158.684658
18.248000	-4159.707943
18.346000	-4160.066361
18.444000	-4159.756340
18.542000	-4158.774310
18.640000	-4157.116701
18.738000	-4154.779941
18.836000	-4151.760460
18.934000	-4148.054688
19.032000	-4143.659054
19.130000	-4138.569986
19.228000	-4132.783915
19.326000	-4126.297270
19.424000	-4119.106481
19.522000	-4111.207975
19.620000	-4102.598184
19.718000	-4093.273536
19.816000	-4083.230461
19.914000	-4072.465388
20.012000	-4060.974746
20.110000	-4048.754965
20.208000	-4035.802474
20.306000	-4022.113702
20.404000	-4007.685079
20.502000	-3992.513035
20.600000	-3976.593998
20.698000	-3959.924398
20.796000	-3942.500664
20.894000	-3924.319226
20.992000	-3905.376513
21.090000	-3885.668954
21.188000	-3865.192979
21.286000	-3843.945016
21.384000	-3821.921497
21.482000	-3799.118849
21.580000	-3775.533502
21.678000	-3751.161886
21.776000	-3726.000430
21.874000	-3700.045562
21.972000	-3673.293714
22.070000	-3645.741313
22.168000	-3617.384790
22.266000	-3588.220573
22.364000	-3558.245093
22.462000	-3527.454777
22.560000	-3495.846057
22.658000	-3463.415361
22.756000	-3430.159118
22.854000	-3396.073758
22.952000	-3361.155710
23.050000	-3325.401403
23.148000	-3288.807268
23.246000	-3251.369733
23.344000	-3213.085227
23.442000	-3173.950181
23.540000	-3133.961022
23.638000	-3093.114182
23.736000	-3051.406088
23.834000	-3008.833171
23.932000	-2965.391860
24.030000	-2921.078584
24.128000	-2875.889772
24.226000	-2829.821855
24.324000	-2782.871260
24.422000	-2735.034418
24.520000	-2686.307758
24.618000	-2636.687710
24.716000	-2586.170702
24.814000	-2534.753164
24.912000	-2482.431525
25.010000	-2429.202215
25.108000	-2375.061664
25.206000	-2320.006299
25.304000	-2264.032552
25.402000	-2207.136851
25.500000	-2149.315625
25.598000	-2090.565304
25.696000	-2030.882318
25.794000	-1970.263095
25.892000	-1908.704065
25.990000	-1846.201657
26.088000	-1782.752302
26.186000	-1718.352427
26.284000	-1652.998462
26.382000	-1586.686838
26.480000	-1519.413982
26.578000	-1451.176325
26.676000	-1381.970296
26.774000	-1311.792325
26.872000	-1240.638839
26.970000	-1168.506270
27.068000	-1095.391046
27.166000	-1021.289597
27.264000	-946.198352
27.362000	-870.113740
27.460000	-793.032190
27.558000	-714.950133
27.656000	-635.863998
27.754000	-555.770213
27.852000	-474.665209
27.950000	-392.545414
28.048000	-309.407257
28.146000	-225.247170
28.244000	-140.061579
28.342000	-53.846916
28.440000	33.400391
28.538000	121.683912
28.636000	211.007218
28.734000	301.373880
28.832000	392.787467
28.930000	485.251552
29.028000	578.769704
29.126000	673.345495
29.224000	768.982494
29.322000	865.684272
29.420000	963.454401
29.518000	1062.296450
29.616000	1162.213991
29.714000	1263.210594
29.812000	1365.289829
29.910000	1468.455267
30.008000	1572.710480
30.106000	1678.059036
30.204000	1784.504508
30.302000	1892.050466
30.400000	2000.700481
30.498000	2110.458122
30.596000	2221.326961
30.694000	2333.310569
30.792000	2446.412515
30.890000	2560.636371
30.988000	2675.985708
31.086000	2792.464095
31.184000	2910.075104
31.282000	3028.822305
31.380000	3148.709269
31.478000	3269.739567
31.576000	3391.916768
31.674000	3515.244445
31.772000	3639.726167
31.870000	3765.365505
31.968000	3892.166029
32.066000	4020.131311
32.164000	4149.264921
32.262000	4279.570429
32.360000	4411.051407
32.458000	4543.711425
32.556000	4677.554053
32.654000	4812.582862
32.752000	4948.801423
32.850000	5086.213307
32.948000	5224.822084
33.046000	5364.631324
33.144000	5505.644599
33.242000	5647.865478
33.340000	5791.297534
33.438000	5935.944336
33.536000	6081.809454
33.634000	6228.896460
33.732000	6377.208925
33.830000	6526.750418
33.928000	6677.524511
34.026000	6829.534774
34.124000	6982.784778
34.222000	7137.278093
34.320000	7293.018290
34.418000	7450.008940
34.516000	7608.253613
34.614000	7767.755880
34.712000	7928.519312
34.810000	8090.547479
34.908000	8253.843951
35.006000	8418.412301
35.104000	8584.256097
35.202000	8751.378912
35.300000	8919.784315
35.398000	9089.475877
35.496000	9260.457168
35.594000	9432.731760
35.692000	9606.303223
35.790000	9781.175128
35.888000	9957.351045
35.986000	10134.834545
36.084000	10313.629198
36.182000	10493.738576
36.280000	10675.166249
36.378000	10857.915787
36.476000	11041.990761
36.574000	11227.394742
36.672000	11414.131300
36.770000	11602.204006
36.868000	11791.616431
36.966000	11982.372146
37.064000	12174.474720
37.162000	12367.927725
37.260000	12562.734731
37.358000	12758.899309
37.456000	12956.425030
37.554000	13155.315464
37.652000	13355.574181
37.750000	13557.204754
37.848000	13760.210751
37.946000	13964.595744
38.044000	14170.363303
38.142000	14377.516999
38.240000	14586.060403
38.338000	14795.997085
38.436000	15007.330616
38.534000	15220.064567
38.632000	15434.202508
38.730000	15649.748010
38.828000	15866.704643
38.926000	16085.075978
39.024000	16304.865586
39.122000	16526.077038
39.220000	16748.713904
39.318000	16972.779754
39.416000	17198.278159
39.514000	17425.212691
39.612000	17653.586919
39.710000	17883.404415
39.808000	18114.668748
39.906000	18347.383490
40.004000	18581.552211
40.102000	18817.178482
40.200000	19054.265873
40.298000	19292.817955
40.396000	19532.838299
40.494000	19774.330476
40.592000	20017.298055
40.690000	20261.744608
40.788000	20507.673706
40.886000	20755.088918
40.984000	21003.993816
41.082000	21254.391970
41.180000	21506.286951
41.278000	21759.682330
41.376000	22014.581676
41.474000	22270.988561
41.572000	22528.906556
41.670000	22788.339231
41.768000	23049.290156
41.866000	23311.762903
41.964000	23575.761042
42.062000	23841.288143
42.160000	24108.347778
42.258000	24376.943517
42.356000	24647.078930
42.454000	24918.757588
42.552000	25191.983062
42.650000	25466.758922
42.748000	25743.088740
42.846000	26020.976085
42.944000	26300.424529
43.042000	26581.437641
43.140000	26864.018994
43.238000	27148.172156
43.336000	27433.900700
43.434000	27721.208195
43.532000	28010.098212
43.630000	28300.574322
43.728000	28592.640096
43.826000	28886.299104
43.924000	29181.554916
44.022000	29478.411104
44.120000	29776.871238
44.218000	30076.938889
44.316000	30378.617627
44.414000	30681.911023
44.512000	30986.822647
44.610000	31293.356071
44.708000	31601.514865
44.806000	31911.302599
44.904000	32222.722844
45.002000	32535.779171
45.100000	32850.475151
45.198000	33166.814354
45.296000	33484.800350
45.394000	33804.436711
45.492000	34125.727007
45.590000	34448.674808
45.688000	34773.283686
45.786000	35099.557211
45.884000	35427.498953
45.982000	35757.112483
46.080000	36088.401373
46.178000	36421.369192
46.276000	36756.019510
46.374000	37092.355900
46.472000	37430.381931
46.570000	37770.101174
46.668000	38111.517200
46.766000	38454.633579
46.864000	38799.453882
46.962000	39145.981680
47.060000	39494.220543
47.158000	39844.174042
47.256000	40195.845747
47.354000	40549.239230
47.452000	40904.358060
47.550000	41261.205809
47.648000	41619.786047
47.746000	41980.102344
47.844000	42342.158272
47.942000	42705.957401
48.040000	43071.503302
48.138000	43438.799545
48.236000	43807.849700
48.334000	44178.657340
48.432000	44551.226033
48.530000	44925.559352
48.628000	45301.660866
48.726000	45679.534146
48.824000	46059.182763
48.922000	46440.610287
49.020000	46823.820289
49.118000	47208.816340
49.216000	47595.602010
49.314000	47984.180871
49.412000	48374.556491
49.510000	48766.732443
49.608000	49160.712297
49.706000	49556.499624
49.804000	49954.097994
49.902000	50353.510977
50.000000	50754.742145
