0.033000	0.488990
0.044934	0.665827
0.056868	0.842663
0.068802	1.019500
0.080736	1.196337
0.092670	1.373173
0.104604	1.550010
0.116538	1.726846
0.128472	1.903683
0.140406	2.080520
0.152340	2.257356
0.164274	2.434193
0.176208	2.611029
0.188142	2.787866
0.200076	2.964703
0.212010	3.141539
0.223944	3.318376
0.235878	3.495212
0.247812	3.672049
0.259746	3.848886
0.271680	4.025722
0.283614	4.202559
0.295548	4.379395
0.307482	4.556232
0.319416	4.733069
0.331350	4.909905
0.343284	5.086742
0.355218	5.263578
0.367152	5.440415
0.379086	5.617252
0.391020	5.794088
0.402954	5.970925
0.414888	6.147761
0.426822	6.324598
0.438756	6.501435
0.450690	6.678271
0.462624	6.855108
0.474558	7.031944
0.486492	7.208781
0.498426	7.385618
0.510360	7.562454
0.522294	7.739291
0.534228	7.916127
0.546162	8.092964
0.558096	8.269801
0.570030	8.446637
0.581964	8.623474
0.593898	8.800310
0.605832	8.977147
0.617766	9.153984
0.629700	9.330820
0.641634	9.507657
0.653568	9.684494
0.665502	9.861330
0.677436	10.038167
0.689370	10.215003
0.701304	10.391840
0.713238	10.568677
0.725172	10.745513
0.737106	10.922350
0.749040	11.099186
0.760974	11.276023
0.772908	11.452860
0.784842	11.629696
0.796776	11.806533
0.808710	11.983369
0.820644	12.160206
0.832578	12.337043
0.844512	12.513879
0.856446	12.690716
0.868380	12.867552
0.880314	13.044389
0.892248	13.221226
0.904182	13.398062
0.916116	13.574899
0.928050	13.751735
0.939984	13.928572
0.951918	14.105409
0.963852	14.282245
0.975786	14.459082
0.987720	14.635918
0.999654	14.812755
1.011588	14.989592
1.023522	15.166428
1.035456	15.343265
1.047390	15.520101
1.059324	15.696938
1.071258	15.873775
1.083192	16.050611
1.095126	16.227448
1.107060	16.404284
1.118994	16.581121
1.130928	16.757958
1.142862	16.934794
1.154796	17.111631
1.166730	17.288467
1.178664	17.465304
1.190598	17.642141
1.202532	17.818977
1.214466	17.995814
1.226400	18.172651
1.238334	18.349487
1.250268	18.526324
1.262202	18.703160
1.274136	18.879997
1.286070	19.056834
1.298004	19.233670
1.309938	19.410507
1.321872	19.587343
1.333806	19.764180
1.345740	19.941017
1.357674	20.117853
1.369608	20.294690
1.381542	20.471526
1.393476	20.648363
1.405410	20.825200
1.417344	21.002036
1.429278	21.178873
1.441212	21.355709
1.453146	21.532546
1.465080	21.709383
1.477014	21.886219
1.488948	22.063056
1.500882	22.239892
1.512816	22.416729
1.524750	22.593566
1.536684	22.770402
1.548618	22.947239
1.560552	23.124075
1.572486	23.300912
1.584420	23.477749
1.596354	23.654585
1.608288	23.831422
1.620222	24.008258
1.632156	24.185095
1.644090	24.361932
1.656024	24.538768
1.667958	24.715605
1.679892	24.892441
1.691826	25.069278
1.703760	25.246115
1.715694	25.422951
1.727628	25.599788
1.739562	25.776624
1.751496	25.953461
1.763430	26.130298
1.775364	26.307134
1.787298	26.483971
1.799232	26.660807
1.811166	26.837644
1.823100	27.014481
1.835034	27.191317
1.846968	27.368154
1.858902	27.544991
1.870836	27.721827
1.882770	27.898664
1.894704	28.075500
1.906638	28.252337
1.918572	28.429174
1.930506	28.606010
1.942440	28.782847
1.954374	28.959683
1.966308	29.136520
1.978242	29.313357
1.990176	29.490193
2.002110	29.667030
2.014044	29.843866
2.025978	30.020703
2.037912	30.197540
2.049846	30.374376
2.061780	30.551213
2.073714	30.728049
2.085648	30.904886
2.097582	31.081723
2.109516	31.258559
2.121450	31.435396
2.133384	31.612232
2.145318	31.789069
2.157252	31.965906
2.169186	32.142742
2.181120	32.319579
2.193054	32.496415
2.204988	32.673252
2.216922	32.850089
2.228856	33.026925
2.240790	33.203762
2.252724	33.380598
2.264658	33.557435
2.276592	33.734272
2.288526	33.911108
2.300460	34.087945
2.312394	34.264781
2.324328	34.441618
2.336262	34.618455
2.348196	34.795291
2.360130	34.972128
2.372064	35.148964
2.383998	35.325801
2.395932	35.502638
2.407866	35.679474
2.419800	35.856311
2.431734	36.033148
2.443668	36.209984
2.455602	36.386821
2.467536	36.563657
2.479470	36.740494
2.491404	36.917331
2.503338	37.094167
2.515272	37.271004
2.527206	37.447840
2.539140	37.624677
2.551074	37.801514
2.563008	37.978350
2.574942	38.155187
2.586876	38.332023
2.598810	38.508860
2.610744	38.685697
2.622678	38.862533
2.634612	39.039370
2.646546	39.216206
2.658480	39.393043
2.670414	39.569880
2.682348	39.746716
2.694282	39.923553
2.706216	40.100389
2.718150	40.277226
2.730084	40.454063
2.742018	40.630899
2.753952	40.807736
2.765886	40.984572
2.777820	41.161409
2.789754	41.338246
2.801688	41.515082
2.813622	41.691919
2.825556	41.868755
2.837490	42.045592
2.849424	42.222429
2.861358	42.399265
2.873292	42.576102
2.885226	42.752938
2.897160	42.929775
2.909094	43.106612
2.921028	43.283448
2.932962	43.460285
2.944896	43.637121
2.956830	43.813958
2.968764	43.990795
2.980698	44.167631
2.992632	44.344468
3.004566	44.521304
3.016500	44.698141
3.028434	44.874978
3.040368	45.051814
3.052302	45.228651
3.064236	45.405488
3.076170	45.582324
3.088104	45.759161
3.100038	45.935997
3.111972	46.112834
3.123906	46.289671
3.135840	46.466507
3.147774	46.643344
3.159708	46.820180
3.171642	46.997017
3.183576	47.173854
3.195510	47.350690
3.207444	47.527527
3.219378	47.704363
3.231312	47.881200
3.243246	48.058037
3.255180	48.234873
3.267114	48.411710
3.279048	48.588546
3.290982	48.765383
3.302916	48.942220
3.314850	49.119056
3.326784	49.295893
3.338718	49.472729
3.350652	49.649566
3.362586	49.826403
3.374520	50.003239
3.386454	50.180076
3.398388	50.356912
3.410322	50.533749
3.422256	50.710586
3.434190	50.887422
3.446124	51.064259
3.458058	51.241095
3.469992	51.417932
3.481926	51.594769
3.493860	51.771605
3.505794	51.948442
3.517728	52.125278
3.529662	52.302115
3.541596	52.478952
3.553530	52.655788
3.565464	52.832625
3.577398	53.009461
3.589332	53.186298
3.601266	53.363135
3.613200	53.539971
3.625134	53.716808
3.637068	53.893645
3.649002	54.070481
3.660936	54.247318
3.672870	54.424154
3.684804	54.600991
3.696738	54.777828
3.708672	54.954664
3.720606	55.131501
3.732540	55.308337
3.744474	55.485174
3.756408	55.662011
3.768342	55.838847
3.780276	56.015684
3.792210	56.192520
3.804144	56.369357
3.816078	56.546194
3.828012	56.723030
3.839946	56.899867
3.851880	57.076703
3.863814	57.253540
3.875748	57.430377
3.887682	57.607213
3.899616	57.784050
3.911550	57.960886
3.923484	58.137723
3.935418	58.314560
3.947352	58.491396
3.959286	58.668233
3.971220	58.845069
3.983154	59.021906
3.995088	59.198743
4.007022	59.375579
4.018956	59.552416
4.030890	59.729252
4.042824	59.906089
4.054758	60.082926
4.066692	60.259762
4.078626	60.436599
4.090560	60.613435
4.102494	60.790272
4.114428	60.967109
4.126362	61.143945
4.138296	61.320782
4.150230	61.497618
4.162164	61.674455
4.174098	61.851292
4.186032	62.028128
4.197966	62.204965
4.209900	62.381801
4.221834	62.558638
4.233768	62.735475
4.245702	62.912311
4.257636	63.089148
4.269570	63.265985
4.281504	63.442821
4.293438	63.619658
4.305372	63.796494
4.317306	63.973331
4.329240	64.150168
4.341174	64.327004
4.353108	64.503841
4.365042	64.680677
4.376976	64.857514
4.388910	65.034351
4.400844	65.211187
4.412778	65.388024
4.424712	65.564860
4.436646	65.741697
4.448580	65.918534
4.460514	66.095370
4.472448	66.272207
4.484382	66.449043
4.496316	66.625880
4.508250	66.802717
4.520184	66.979553
4.532118	67.156390
4.544052	67.333226
4.555986	67.510063
4.567920	67.686900
4.579854	67.863736
4.591788	68.040573
4.603722	68.217409
4.615656	68.394246
4.627590	68.571083
4.639524	68.747919
4.651458	68.924756
4.663392	69.101592
4.675326	69.278429
4.687260	69.455266
4.699194	69.632102
4.711128	69.808939
4.723062	69.985775
4.734996	70.162612
4.746930	70.339449
4.758864	70.516285
4.770798	70.693122
4.782732	70.869958
4.794666	71.046795
4.806600	71.223632
4.818534	71.400468
4.830468	71.577305
4.842402	71.754142
4.854336	71.930978
4.866270	72.107815
4.878204	72.284651
4.890138	72.461488
4.902072	72.638325
4.914006	72.815161
4.925940	72.991998
4.937874	73.168834
4.949808	73.345671
4.961742	73.522508
4.973676	73.699344
4.985610	73.876181
4.997544	74.053017
5.009478	74.229854
5.021412	74.406691
5.033346	74.583527
5.045280	74.760364
5.057214	74.937200
5.069148	75.114037
5.081082	75.290874
5.093016	75.467710
5.104950	75.644547
5.116884	75.821383
5.128818	75.998220
5.140752	76.175057
5.152686	76.351893
5.164620	76.528730
5.176554	76.705566
5.188488	76.882403
5.200422	77.059240
5.212356	77.236076
5.224290	77.412913
5.236224	77.589749
5.248158	77.766586
5.260092	77.943423
5.272026	78.120259
5.283960	78.297096
5.295894	78.473932
5.307828	78.650769
5.319762	78.827606
5.331696	79.004442
5.343630	79.181279
5.355564	79.358115
5.367498	79.534952
5.379432	79.711789
5.391366	79.888625
5.403300	80.065462
5.415234	80.242298
5.427168	80.419135
5.439102	80.595972
5.451036	80.772808
5.462970	80.949645
5.474904	81.126482
5.486838	81.303318
5.498772	81.480155
5.510706	81.656991
5.522640	81.833828
5.534574	82.010665
5.546508	82.187501
5.558442	82.364338
5.570376	82.541174
5.582310	82.718011
5.594244	82.894848
5.606178	83.071684
5.618112	83.248521
5.630046	83.425357
5.641980	83.602194
5.653914	83.779031
5.665848	83.955867
5.677782	84.132704
5.689716	84.309540
5.701650	84.486377
5.713584	84.663214
5.725518	84.840050
5.737452	85.016887
5.749386	85.193723
5.761320	85.370560
5.773254	85.547397
5.785188	85.724233
5.797122	85.901070
5.809056	86.077906
5.820990	86.254743
5.832924	86.431580
5.844858	86.608416
5.856792	86.785253
5.868726	86.962089
5.880660	87.138926
5.892594	87.315763
5.904528	87.492599
5.916462	87.669436
5.928396	87.846272
5.940330	88.023109
5.952264	88.199946
5.964198	88.376782
5.976132	88.553619
5.988066	88.730455
6.000000	88.907292
