0.033000	7.498358
0.044934	5.654120
0.056868	4.619275
0.068802	3.972536
0.080736	3.541706
0.092670	3.243289
0.104604	3.031893
0.116538	2.880719
0.128472	2.772926
0.140406	2.697399
0.152340	2.646505
0.164274	2.614829
0.176208	2.598425
0.188142	2.594345
0.200076	2.600347
0.212010	2.614693
0.223944	2.636014
0.235878	2.663221
0.247812	2.695432
0.259746	2.731929
0.271680	2.772119
0.283614	2.815509
0.295548	2.861687
0.307482	2.910302
0.319416	2.961058
0.331350	3.013701
0.343284	3.068012
0.355218	3.123802
0.367152	3.180906
0.379086	3.239180
0.391020	3.298498
0.402954	3.358748
0.414888	3.419831
0.426822	3.481660
0.438756	3.544157
0.450690	3.607252
0.462624	3.670882
0.474558	3.734992
0.486492	3.799529
0.498426	3.864450
0.510360	3.929711
0.522294	3.995275
0.534228	4.061107
0.546162	4.127177
0.558096	4.193455
0.570030	4.259915
0.581964	4.326533
0.593898	4.393286
0.605832	4.460155
0.617766	4.527120
0.629700	4.594164
0.641634	4.661270
0.653568	4.728424
0.665502	4.795612
0.677436	4.862821
0.689370	4.930039
0.701304	4.997254
0.713238	5.064456
0.725172	5.131635
0.737106	5.198783
0.749040	5.265891
0.760974	5.332950
0.772908	5.399953
0.784842	5.466893
0.796776	5.533763
0.808710	5.600558
0.820644	5.667271
0.832578	5.733896
0.844512	5.800429
0.856446	5.866865
0.868380	5.933198
0.880314	5.999425
0.892248	6.065541
0.904182	6.131542
0.916116	6.197425
0.928050	6.263186
0.939984	6.328821
0.951918	6.394327
0.963852	6.459702
0.975786	6.524942
0.987720	6.590045
0.999654	6.655008
1.011588	6.719828
1.023522	6.784504
1.035456	6.849032
1.047390	6.913411
1.059324	6.977638
1.071258	7.041712
1.083192	7.105631
1.095126	7.169392
1.107060	7.232995
1.118994	7.296437
1.130928	7.359717
1.142862	7.422833
1.154796	7.485784
1.166730	7.548569
1.178664	7.611186
1.190598	7.673633
1.202532	7.735911
1.214466	7.798016
1.226400	7.859949
1.238334	7.921708
1.250268	7.983292
1.262202	8.044700
1.274136	8.105931
1.286070	8.166984
1.298004	8.227859
1.309938	8.288554
1.321872	8.349068
1.333806	8.409401
1.345740	8.469552
1.357674	8.529520
1.369608	8.589305
1.381542	8.648905
1.393476	8.708320
1.405410	8.767550
1.417344	8.826593
1.429278	8.885450
1.441212	8.944119
1.453146	9.002600
1.465080	9.060892
1.477014	9.118995
1.488948	9.176908
1.500882	9.234632
1.512816	9.292164
1.524750	9.349506
1.536684	9.406656
1.548618	9.463613
1.560552	9.520379
1.572486	9.576951
1.584420	9.633330
1.596354	9.689515
1.608288	9.745507
1.620222	9.801304
1.632156	9.856906
1.644090	9.912312
1.656024	9.967524
1.667958	10.022539
1.679892	10.077359
1.691826	10.131981
1.703760	10.186407
1.715694	10.240637
1.727628	10.294668
1.739562	10.348502
1.751496	10.402138
1.763430	10.455576
1.775364	10.508816
1.787298	10.561857
1.799232	10.614699
1.811166	10.667342
1.823100	10.719785
1.835034	10.772029
1.846968	10.824073
1.858902	10.875917
1.870836	10.927561
1.882770	10.979004
1.894704	11.030247
1.906638	11.081289
1.918572	11.132130
1.930506	11.182769
1.942440	11.233207
1.954374	11.283444
1.966308	11.333479
1.978242	11.383312
1.990176	11.432943
2.002110	11.482372
2.014044	11.531598
2.025978	11.580622
2.037912	11.629444
2.049846	11.678062
2.061780	11.726478
2.073714	11.774690
2.085648	11.822699
2.097582	11.870505
2.109516	11.918108
2.121450	11.965507
2.133384	12.012702
2.145318	12.059693
2.157252	12.106480
2.169186	12.153063
2.181120	12.199443
2.193054	12.245617
2.204988	12.291588
2.216922	12.337354
2.228856	12.382915
2.240790	12.428271
2.252724	12.473423
2.264658	12.518370
2.276592	12.563112
2.288526	12.607649
2.300460	12.651980
2.312394	12.696107
2.324328	12.740028
2.336262	12.783743
2.348196	12.827253
2.360130	12.870558
2.372064	12.913657
2.383998	12.956550
2.395932	12.999237
2.407866	13.041718
2.419800	13.083994
2.431734	13.126063
2.443668	13.167926
2.455602	13.209583
2.467536	13.251034
2.479470	13.292278
2.491404	13.333316
2.503338	13.374148
2.515272	13.414773
2.527206	13.455191
2.539140	13.495403
2.551074	13.535408
2.563008	13.575206
2.574942	13.614798
2.586876	13.654182
2.598810	13.693360
2.610744	13.732331
2.622678	13.771095
2.634612	13.809651
2.646546	13.848001
2.658480	13.886143
2.670414	13.924078
2.682348	13.961806
2.694282	13.999326
2.706216	14.036639
2.718150	14.073745
2.730084	14.110643
2.742018	14.147334
2.753952	14.183817
2.765886	14.220092
2.777820	14.256160
2.789754	14.292020
2.801688	14.327673
2.813622	14.363118
2.825556	14.398354
2.837490	14.433383
2.849424	14.468205
2.861358	14.502818
2.873292	14.537223
2.885226	14.571420
2.897160	14.605410
2.909094	14.639191
2.921028	14.672764
2.932962	14.706129
2.944896	14.739286
2.956830	14.772234
2.968764	14.804975
2.980698	14.837507
2.992632	14.869831
3.004566	14.901946
3.016500	14.933853
3.028434	14.965552
3.040368	14.997043
3.052302	15.028324
3.064236	15.059398
3.076170	15.090263
3.088104	15.120919
3.100038	15.151367
3.111972	15.181606
3.123906	15.211637
3.135840	15.241459
3.147774	15.271073
3.159708	15.300477
3.171642	15.329673
3.183576	15.358661
3.195510	15.387439
3.207444	15.416009
3.219378	15.444370
3.231312	15.472522
3.243246	15.500465
3.255180	15.528200
3.267114	15.555725
3.279048	15.583042
3.290982	15.610150
3.302916	15.637048
3.314850	15.663738
3.326784	15.690219
3.338718	15.716491
3.350652	15.742553
3.362586	15.768407
3.374520	15.794052
3.386454	15.819487
3.398388	15.844714
3.410322	15.869731
3.422256	15.894539
3.434190	15.919138
3.446124	15.943528
3.458058	15.967708
3.469992	15.991679
3.481926	16.015442
3.493860	16.038994
3.505794	16.062338
3.517728	16.085472
3.529662	16.108397
3.541596	16.131113
3.553530	16.153619
3.565464	16.175916
3.577398	16.198004
3.589332	16.219882
3.601266	16.241551
3.613200	16.263010
3.625134	16.284260
3.637068	16.305301
3.649002	16.326132
3.660936	16.346754
3.672870	16.367166
3.684804	16.387369
3.696738	16.407362
3.708672	16.427146
3.720606	16.446720
3.732540	16.466084
3.744474	16.485239
3.756408	16.504185
3.768342	16.522921
3.780276	16.541447
3.792210	16.559764
3.804144	16.577871
3.816078	16.595768
3.828012	16.613456
3.839946	16.630934
3.851880	16.648203
3.863814	16.665262
3.875748	16.682111
3.887682	16.698750
3.899616	16.715180
3.911550	16.731400
3.923484	16.747410
3.935418	16.763211
3.947352	16.778801
3.959286	16.794183
3.971220	16.809354
3.983154	16.824315
3.995088	16.839067
4.007022	16.853609
4.018956	16.867941
4.030890	16.882063
4.042824	16.895976
4.054758	16.909678
4.066692	16.923171
4.078626	16.936454
4.090560	16.949527
4.102494	16.962390
4.114428	16.975043
4.126362	16.987487
4.138296	16.999720
4.150230	17.011744
4.162164	17.023558
4.174098	17.035161
4.186032	17.046555
4.197966	17.057739
4.209900	17.068713
4.221834	17.079477
4.233768	17.090031
4.245702	17.100375
4.257636	17.110509
4.269570	17.120433
4.281504	17.130147
4.293438	17.139651
4.305372	17.148945
4.317306	17.158029
4.329240	17.166904
4.341174	17.175568
4.353108	17.184022
4.365042	17.192266
4.376976	17.200299
4.388910	17.208123
4.400844	17.215737
4.412778	17.223141
4.424712	17.230334
4.436646	17.237318
4.448580	17.244091
4.460514	17.250655
4.472448	17.257008
4.484382	17.263151
4.496316	17.269084
4.508250	17.274807
4.520184	17.280320
4.532118	17.285623
4.544052	17.290715
4.555986	17.295598
4.567920	17.300270
4.579854	17.304732
4.591788	17.308984
4.603722	17.313026
4.615656	17.316857
4.627590	17.320479
4.639524	17.323890
4.651458	17.327091
4.663392	17.330082
4.675326	17.332863
4.687260	17.335433
4.699194	17.337793
4.711128	17.339943
4.723062	17.341883
4.734996	17.343613
4.746930	17.345132
4.758864	17.346441
4.770798	17.347540
4.782732	17.348429
4.794666	17.349107
4.806600	17.349576
4.818534	17.349834
4.830468	17.349881
4.842402	17.349719
4.854336	17.349346
4.866270	17.348763
4.878204	17.347969
4.890138	17.346966
4.902072	17.345752
4.914006	17.344327
4.925940	17.342693
4.937874	17.340848
4.949808	17.338793
4.961742	17.336527
4.973676	17.334051
4.985610	17.331365
4.997544	17.328469
5.009478	17.325362
5.021412	17.322045
5.033346	17.318518
5.045280	17.314780
5.057214	17.310832
5.069148	17.306674
5.081082	17.302305
5.093016	17.297726
5.104950	17.292936
5.116884	17.287936
5.128818	17.282726
5.140752	17.277306
5.152686	17.271675
5.164620	17.265834
5.176554	17.259782
5.188488	17.253520
5.200422	17.247047
5.212356	17.240365
5.224290	17.233472
5.236224	17.226368
5.248158	17.219054
5.260092	17.211530
5.272026	17.203795
5.283960	17.195850
5.295894	17.187694
5.307828	17.179328
5.319762	17.170752
5.331696	17.161965
5.343630	17.152968
5.355564	17.143760
5.367498	17.134342
5.379432	17.124713
5.391366	17.114875
5.403300	17.104825
5.415234	17.094565
5.427168	17.084095
5.439102	17.073414
5.451036	17.062523
5.462970	17.051422
5.474904	17.040110
5.486838	17.028587
5.498772	17.016854
5.510706	17.004911
5.522640	16.992757
5.534574	16.980393
5.546508	16.967818
5.558442	16.955033
5.570376	16.942037
5.582310	16.928831
5.594244	16.915414
5.606178	16.901787
5.618112	16.887949
5.630046	16.873901
5.641980	16.859642
5.653914	16.845173
5.665848	16.830494
5.677782	16.815604
5.689716	16.800503
5.701650	16.785192
5.713584	16.769670
5.725518	16.753938
5.737452	16.737996
5.749386	16.721842
5.761320	16.705479
5.773254	16.688905
5.785188	16.672120
5.797122	16.655125
5.809056	16.637919
5.820990	16.620503
5.832924	16.602876
5.844858	16.585039
5.856792	16.566991
5.868726	16.548733
5.880660	16.530264
5.892594	16.511585
5.904528	16.492695
5.916462	16.473594
5.928396	16.454283
5.940330	16.434762
5.952264	16.415030
5.964198	16.395087
5.976132	16.374934
5.988066	16.354570
6.000000	16.333996
