0.033000	13.300000
0.044934	13.300000
0.056868	13.300000
0.068802	13.300000
0.080736	13.300000
0.092670	13.300000
0.104604	13.300000
0.116538	13.300000
0.128472	13.300000
0.140406	13.300000
0.152340	13.300000
0.164274	13.300000
0.176208	13.300000
0.188142	13.300000
0.200076	13.300000
0.212010	13.300000
0.223944	13.300000
0.235878	13.300000
0.247812	13.300000
0.259746	13.300000
0.271680	13.300000
0.283614	13.300000
0.295548	13.300000
0.307482	13.300000
0.319416	13.300000
0.331350	13.300000
0.343284	13.300000
0.355218	13.300000
0.367152	13.300000
0.379086	13.300000
0.391020	13.300000
0.402954	13.300000
0.414888	13.300000
0.426822	13.300000
0.438756	13.300000
0.450690	13.300000
0.462624	13.300000
0.474558	13.300000
0.486492	13.300000
0.498426	13.300000
0.510360	13.300000
0.522294	13.300000
0.534228	13.300000
0.546162	13.300000
0.558096	13.300000
0.570030	13.300000
0.581964	13.300000
0.593898	13.300000
0.605832	13.300000
0.617766	13.300000
0.629700	13.300000
0.641634	13.300000
0.653568	13.300000
0.665502	13.300000
0.677436	13.300000
0.689370	13.300000
0.701304	13.300000
0.713238	13.300000
0.725172	13.300000
0.737106	13.300000
0.749040	13.300000
0.760974	13.300000
0.772908	13.300000
0.784842	13.300000
0.796776	13.300000
0.808710	13.300000
0.820644	13.300000
0.832578	13.300000
0.844512	13.300000
0.856446	13.300000
0.868380	13.300000
0.880314	13.300000
0.892248	13.300000
0.904182	13.300000
0.916116	13.300000
0.928050	13.300000
0.939984	13.300000
0.951918	13.300000
0.963852	13.300000
0.975786	13.300000
0.987720	13.300000
0.999654	13.300000
1.011588	13.300000
1.023522	13.300000
1.035456	13.300000
1.047390	13.300000
1.059324	13.300000
1.071258	13.300000
1.083192	13.300000
1.095126	13.300000
1.107060	13.300000
1.118994	13.300000
1.130928	13.300000
1.142862	13.300000
1.154796	13.300000
1.166730	13.300000
1.178664	13.300000
1.190598	13.300000
1.202532	13.300000
1.214466	13.300000
1.226400	13.300000
1.238334	13.300000
1.250268	13.300000
1.262202	13.300000
1.274136	13.300000
1.286070	13.300000
1.298004	13.300000
1.309938	13.300000
1.321872	13.300000
1.333806	13.300000
1.345740	13.300000
1.357674	13.300000
1.369608	13.300000
1.381542	13.300000
1.393476	13.300000
1.405410	13.300000
1.417344	13.300000
1.429278	13.300000
1.441212	13.300000
1.453146	13.300000
1.465080	13.300000
1.477014	13.300000
1.488948	13.300000
1.500882	13.300000
1.512816	13.300000
1.524750	13.300000
1.536684	13.300000
1.548618	13.300000
1.560552	13.300000
1.572486	13.300000
1.584420	13.300000
1.596354	13.300000
1.608288	13.300000
1.620222	13.300000
1.632156	13.300000
1.644090	13.300000
1.656024	13.300000
1.667958	13.300000
1.679892	13.300000
1.691826	13.300000
1.703760	13.300000
1.715694	13.300000
1.727628	13.300000
1.739562	13.300000
1.751496	13.300000
1.763430	13.300000
1.775364	13.300000
1.787298	13.300000
1.799232	13.300000
1.811166	13.300000
1.823100	13.300000
1.835034	13.300000
1.846968	13.300000
1.858902	13.300000
1.870836	13.300000
1.882770	13.300000
1.894704	13.300000
1.906638	13.300000
1.918572	13.300000
1.930506	13.300000
1.942440	13.300000
1.954374	13.300000
1.966308	13.300000
1.978242	13.300000
1.990176	13.300000
2.002110	13.300000
2.014044	13.300000
2.025978	13.300000
2.037912	13.300000
2.049846	13.300000
2.061780	13.300000
2.073714	13.300000
2.085648	13.300000
2.097582	13.300000
2.109516	13.300000
2.121450	13.300000
2.133384	13.300000
2.145318	13.300000
2.157252	13.300000
2.169186	13.300000
2.181120	13.300000
2.193054	13.300000
2.204988	13.300000
2.216922	13.300000
2.228856	13.300000
2.240790	13.300000
2.252724	13.300000
2.264658	13.300000
2.276592	13.300000
2.288526	13.300000
2.300460	13.300000
2.312394	13.300000
2.324328	13.300000
2.336262	13.300000
2.348196	13.300000
2.360130	13.300000
2.372064	13.300000
2.383998	13.300000
2.395932	13.300000
2.407866	13.300000
2.419800	13.300000
2.431734	13.300000
2.443668	13.300000
2.455602	13.300000
2.467536	13.300000
2.479470	13.300000
2.491404	13.300000
2.503338	13.300000
2.515272	13.300000
2.527206	13.300000
2.539140	13.300000
2.551074	13.300000
2.563008	13.300000
2.574942	13.300000
2.586876	13.300000
2.598810	13.300000
2.610744	13.300000
2.622678	13.300000
2.634612	13.300000
2.646546	13.300000
2.658480	13.300000
2.670414	13.300000
2.682348	13.300000
2.694282	13.300000
2.706216	13.300000
2.718150	13.300000
2.730084	13.300000
2.742018	13.300000
2.753952	13.300000
2.765886	13.300000
2.777820	13.300000
2.789754	13.300000
2.801688	13.300000
2.813622	13.300000
2.825556	13.300000
2.837490	13.300000
2.849424	13.300000
2.861358	13.300000
2.873292	13.300000
2.885226	13.300000
2.897160	13.300000
2.909094	13.300000
2.921028	13.300000
2.932962	13.300000
2.944896	13.300000
2.956830	13.300000
2.968764	13.300000
2.980698	13.300000
2.992632	13.300000
3.004566	13.300000
3.016500	13.300000
3.028434	13.300000
3.040368	13.300000
3.052302	13.300000
3.064236	13.300000
3.076170	13.300000
3.088104	13.300000
3.100038	13.300000
3.111972	13.300000
3.123906	13.300000
3.135840	13.300000
3.147774	13.300000
3.159708	13.300000
3.171642	13.300000
3.183576	13.300000
3.195510	13.300000
3.207444	13.300000
3.219378	13.300000
3.231312	13.300000
3.243246	13.300000
3.255180	13.300000
3.267114	13.300000
3.279048	13.300000
3.290982	13.300000
3.302916	13.300000
3.314850	13.300000
3.326784	13.300000
3.338718	13.300000
3.350652	13.300000
3.362586	13.300000
3.374520	13.300000
3.386454	13.300000
3.398388	13.300000
3.410322	13.300000
3.422256	13.300000
3.434190	13.300000
3.446124	13.300000
3.458058	13.300000
3.469992	13.300000
3.481926	13.300000
3.493860	13.300000
3.505794	13.300000
3.517728	13.300000
3.529662	13.300000
3.541596	13.300000
3.553530	13.300000
3.565464	13.300000
3.577398	13.300000
3.589332	13.300000
3.601266	13.300000
3.613200	13.300000
3.625134	13.300000
3.637068	13.300000
3.649002	13.300000
3.660936	13.300000
3.672870	13.300000
3.684804	13.300000
3.696738	13.300000
3.708672	13.300000
3.720606	13.300000
3.732540	13.300000
3.744474	13.300000
3.756408	13.300000
3.768342	13.300000
3.780276	13.300000
3.792210	13.300000
3.804144	13.300000
3.816078	13.300000
3.828012	13.300000
3.839946	13.300000
3.851880	13.300000
3.863814	13.300000
3.875748	13.300000
3.887682	13.300000
3.899616	13.300000
3.911550	13.300000
3.923484	13.300000
3.935418	13.300000
3.947352	13.300000
3.959286	13.300000
3.971220	13.300000
3.983154	13.300000
3.995088	13.300000
4.007022	13.300000
4.018956	13.300000
4.030890	13.300000
4.042824	13.300000
4.054758	13.300000
4.066692	13.300000
4.078626	13.300000
4.090560	13.300000
4.102494	13.300000
4.114428	13.300000
4.126362	13.300000
4.138296	13.300000
4.150230	13.300000
4.162164	13.300000
4.174098	13.300000
4.186032	13.300000
4.197966	13.300000
4.209900	13.300000
4.221834	13.300000
4.233768	13.300000
4.245702	13.300000
4.257636	13.300000
4.269570	13.300000
4.281504	13.300000
4.293438	13.300000
4.305372	13.300000
4.317306	13.300000
4.329240	13.300000
4.341174	13.300000
4.353108	13.300000
4.365042	13.300000
4.376976	13.300000
4.388910	13.300000
4.400844	13.300000
4.412778	13.300000
4.424712	13.300000
4.436646	13.300000
4.448580	13.300000
4.460514	13.300000
4.472448	13.300000
4.484382	13.300000
4.496316	13.300000
4.508250	13.300000
4.520184	13.300000
4.532118	13.300000
4.544052	13.300000
4.555986	13.300000
4.567920	13.300000
4.579854	13.300000
4.591788	13.300000
4.603722	13.300000
4.615656	13.300000
4.627590	13.300000
4.639524	13.300000
4.651458	13.300000
4.663392	13.300000
4.675326	13.300000
4.687260	13.300000
4.699194	13.300000
4.711128	13.300000
4.723062	13.300000
4.734996	13.300000
4.746930	13.300000
4.758864	13.300000
4.770798	13.300000
4.782732	13.300000
4.794666	13.300000
4.806600	13.300000
4.818534	13.300000
4.830468	13.300000
4.842402	13.300000
4.854336	13.300000
4.866270	13.300000
4.878204	13.300000
4.890138	13.300000
4.902072	13.300000
4.914006	13.300000
4.925940	13.300000
4.937874	13.300000
4.949808	13.300000
4.961742	13.300000
4.973676	13.300000
4.985610	13.300000
4.997544	13.300000
5.009478	13.300000
5.021412	13.300000
5.033346	13.300000
5.045280	13.300000
5.057214	13.300000
5.069148	13.300000
5.081082	13.300000
5.093016	13.300000
5.104950	13.300000
5.116884	13.300000
5.128818	13.300000
5.140752	13.300000
5.152686	13.300000
5.164620	13.300000
5.176554	13.300000
5.188488	13.300000
5.200422	13.300000
5.212356	13.300000
5.224290	13.300000
5.236224	13.300000
5.248158	13.300000
5.260092	13.300000
5.272026	13.300000
5.283960	13.300000
5.295894	13.300000
5.307828	13.300000
5.319762	13.300000
5.331696	13.300000
5.343630	13.300000
5.355564	13.300000
5.367498	13.300000
5.379432	13.300000
5.391366	13.300000
5.403300	13.300000
5.415234	13.300000
5.427168	13.300000
5.439102	13.300000
5.451036	13.300000
5.462970	13.300000
5.474904	13.300000
5.486838	13.300000
5.498772	13.300000
5.510706	13.300000
5.522640	13.300000
5.534574	13.300000
5.546508	13.300000
5.558442	13.300000
5.570376	13.300000
5.582310	13.300000
5.594244	13.300000
5.606178	13.300000
5.618112	13.300000
5.630046	13.300000
5.641980	13.300000
5.653914	13.300000
5.665848	13.300000
5.677782	13.300000
5.689716	13.300000
5.701650	13.300000
5.713584	13.300000
5.725518	13.300000
5.737452	13.300000
5.749386	13.300000
5.761320	13.300000
5.773254	13.300000
5.785188	13.300000
5.797122	13.300000
5.809056	13.300000
5.820990	13.300000
5.832924	13.300000
5.844858	13.300000
5.856792	13.300000
5.868726	13.300000
5.880660	13.300000
5.892594	13.300000
5.904528	13.300000
5.916462	13.300000
5.928396	13.300000
5.940330	13.300000
5.952264	13.300000
5.964198	13.300000
5.976132	13.300000
5.988066	13.300000
6.000000	13.300000
