0.200000	4.542857
0.219600	4.542857
0.239200	4.542857
0.258800	4.542857
0.278400	4.542857
0.298000	4.542857
0.317600	4.542857
0.337200	4.542857
0.356800	4.542857
0.376400	4.542857
0.396000	4.542857
0.415600	4.542857
0.435200	4.542857
0.454800	4.542857
0.474400	4.542857
0.494000	4.542857
0.513600	4.542857
0.533200	4.542857
0.552800	4.542857
0.572400	4.542857
0.592000	4.542857
0.611600	4.542857
0.631200	4.542857
0.650800	4.542857
0.670400	4.542857
0.690000	4.542857
0.709600	4.542857
0.729200	4.542857
0.748800	4.542857
0.768400	4.542857
0.788000	4.542857
0.807600	4.542857
0.827200	4.542857
0.846800	4.542857
0.866400	4.542857
0.886000	4.542857
0.905600	4.542857
0.925200	4.542857
0.944800	4.542857
0.964400	4.542857
0.984000	4.542857
1.003600	4.542857
1.023200	4.542857
1.042800	4.542857
1.062400	4.542857
1.082000	4.542857
1.101600	4.542857
1.121200	4.542857
1.140800	4.542857
1.160400	4.542857
1.180000	4.542857
1.199600	4.542857
1.219200	4.542857
1.238800	4.542857
1.258400	4.542857
1.278000	4.542857
1.297600	4.542857
1.317200	4.542857
1.336800	4.542857
1.356400	4.542857
1.376000	4.542857
1.395600	4.542857
1.415200	4.542857
1.434800	4.542857
1.454400	4.542857
1.474000	4.542857
1.493600	4.542857
1.513200	4.542857
1.532800	4.542857
1.552400	4.542857
1.572000	4.542857
1.591600	4.542857
1.611200	4.542857
1.630800	4.542857
1.650400	4.542857
1.670000	4.542857
1.689600	4.542857
1.709200	4.542857
1.728800	4.542857
1.748400	4.542857
1.768000	4.542857
1.787600	4.542857
1.807200	4.542857
1.826800	4.542857
1.846400	4.542857
1.866000	4.542857
1.885600	4.542857
1.905200	4.542857
1.924800	4.542857
1.944400	4.542857
1.964000	4.542857
1.983600	4.542857
2.003200	4.542857
2.022800	4.542857
2.042400	4.542857
2.062000	4.542857
2.081600	4.542857
2.101200	4.542857
2.120800	4.542857
2.140400	4.542857
2.160000	4.542857
2.179600	4.542857
2.199200	4.542857
2.218800	4.542857
2.238400	4.542857
2.258000	4.542857
2.277600	4.542857
2.297200	4.542857
2.316800	4.542857
2.336400	4.542857
2.356000	4.542857
2.375600	4.542857
2.395200	4.542857
2.414800	4.542857
2.434400	4.542857
2.454000	4.542857
2.473600	4.542857
2.493200	4.542857
2.512800	4.542857
2.532400	4.542857
2.552000	4.542857
2.571600	4.542857
2.591200	4.542857
2.610800	4.542857
2.630400	4.542857
2.650000	4.542857
2.669600	4.542857
2.689200	4.542857
2.708800	4.542857
2.728400	4.542857
2.748000	4.542857
2.767600	4.542857
2.787200	4.542857
2.806800	4.542857
2.826400	4.542857
2.846000	4.542857
2.865600	4.542857
2.885200	4.542857
2.904800	4.542857
2.924400	4.542857
2.944000	4.542857
2.963600	4.542857
2.983200	4.542857
3.002800	4.542857
3.022400	4.542857
3.042000	4.542857
3.061600	4.542857
3.081200	4.542857
3.100800	4.542857
3.120400	4.542857
3.140000	4.542857
3.159600	4.542857
3.179200	4.542857
3.198800	4.542857
3.218400	4.542857
3.238000	4.542857
3.257600	4.542857
3.277200	4.542857
3.296800	4.542857
3.316400	4.542857
3.336000	4.542857
3.355600	4.542857
3.375200	4.542857
3.394800	4.542857
3.414400	4.542857
3.434000	4.542857
3.453600	4.542857
3.473200	4.542857
3.492800	4.542857
3.512400	4.542857
3.532000	4.542857
3.551600	4.542857
3.571200	4.542857
3.590800	4.542857
3.610400	4.542857
3.630000	4.542857
3.649600	4.542857
3.669200	4.542857
3.688800	4.542857
3.708400	4.542857
3.728000	4.542857
3.747600	4.542857
3.767200	4.542857
3.786800	4.542857
3.806400	4.542857
3.826000	4.542857
3.845600	4.542857
3.865200	4.542857
3.884800	4.542857
3.904400	4.542857
3.924000	4.542857
3.943600	4.542857
3.963200	4.542857
3.982800	4.542857
4.002400	4.542857
4.022000	4.542857
4.041600	4.542857
4.061200	4.542857
4.080800	4.542857
4.100400	4.542857
4.120000	4.542857
4.139600	4.542857
4.159200	4.542857
4.178800	4.542857
4.198400	4.542857
4.218000	4.542857
4.237600	4.542857
4.257200	4.542857
4.276800	4.542857
4.296400	4.542857
4.316000	4.542857
4.335600	4.542857
4.355200	4.542857
4.374800	4.542857
4.394400	4.542857
4.414000	4.542857
4.433600	4.542857
4.453200	4.542857
4.472800	4.542857
4.492400	4.542857
4.512000	4.542857
4.531600	4.542857
4.551200	4.542857
4.570800	4.542857
4.590400	4.542857
4.610000	4.542857
4.629600	4.542857
4.649200	4.542857
4.668800	4.542857
4.688400	4.542857
4.708000	4.542857
4.727600	4.542857
4.747200	4.542857
4.766800	4.542857
4.786400	4.542857
4.806000	4.542857
4.825600	4.542857
4.845200	4.542857
4.864800	4.542857
4.884400	4.542857
4.904000	4.542857
4.923600	4.542857
4.943200	4.542857
4.962800	4.542857
4.982400	4.542857
5.002000	4.542857
5.021600	4.542857
5.041200	4.542857
5.060800	4.542857
5.080400	4.542857
5.100000	4.542857
5.119600	4.542857
5.139200	4.542857
5.158800	4.542857
5.178400	4.542857
5.198000	4.542857
5.217600	4.542857
5.237200	4.542857
5.256800	4.542857
5.276400	4.542857
5.296000	4.542857
5.315600	4.542857
5.335200	4.542857
5.354800	4.542857
5.374400	4.542857
5.394000	4.542857
5.413600	4.542857
5.433200	4.542857
5.452800	4.542857
5.472400	4.542857
5.492000	4.542857
5.511600	4.542857
5.531200	4.542857
5.550800	4.542857
5.570400	4.542857
5.590000	4.542857
5.609600	4.542857
5.629200	4.542857
5.648800	4.542857
5.668400	4.542857
5.688000	4.542857
5.707600	4.542857
5.727200	4.542857
5.746800	4.542857
5.766400	4.542857
5.786000	4.542857
5.805600	4.542857
5.825200	4.542857
5.844800	4.542857
5.864400	4.542857
5.884000	4.542857
5.903600	4.542857
5.923200	4.542857
5.942800	4.542857
5.962400	4.542857
5.982000	4.542857
6.001600	4.542857
6.021200	4.542857
6.040800	4.542857
6.060400	4.542857
6.080000	4.542857
6.099600	4.542857
6.119200	4.542857
6.138800	4.542857
6.158400	4.542857
6.178000	4.542857
6.197600	4.542857
6.217200	4.542857
6.236800	4.542857
6.256400	4.542857
6.276000	4.542857
6.295600	4.542857
6.315200	4.542857
6.334800	4.542857
6.354400	4.542857
6.374000	4.542857
6.393600	4.542857
6.413200	4.542857
6.432800	4.542857
6.452400	4.542857
6.472000	4.542857
6.491600	4.542857
6.511200	4.542857
6.530800	4.542857
6.550400	4.542857
6.570000	4.542857
6.589600	4.542857
6.609200	4.542857
6.628800	4.542857
6.648400	4.542857
6.668000	4.542857
6.687600	4.542857
6.707200	4.542857
6.726800	4.542857
6.746400	4.542857
6.766000	4.542857
6.785600	4.542857
6.805200	4.542857
6.824800	4.542857
6.844400	4.542857
6.864000	4.542857
6.883600	4.542857
6.903200	4.542857
6.922800	4.542857
6.942400	4.542857
6.962000	4.542857
6.981600	4.542857
7.001200	4.542857
7.020800	4.542857
7.040400	4.542857
7.060000	4.542857
7.079600	4.542857
7.099200	4.542857
7.118800	4.542857
7.138400	4.542857
7.158000	4.542857
7.177600	4.542857
7.197200	4.542857
7.216800	4.542857
7.236400	4.542857
7.256000	4.542857
7.275600	4.542857
7.295200	4.542857
7.314800	4.542857
7.334400	4.542857
7.354000	4.542857
7.373600	4.542857
7.393200	4.542857
7.412800	4.542857
7.432400	4.542857
7.452000	4.542857
7.471600	4.542857
7.491200	4.542857
7.510800	4.542857
7.530400	4.542857
7.550000	4.542857
7.569600	4.542857
7.589200	4.542857
7.608800	4.542857
7.628400	4.542857
7.648000	4.542857
7.667600	4.542857
7.687200	4.542857
7.706800	4.542857
7.726400	4.542857
7.746000	4.542857
7.765600	4.542857
7.785200	4.542857
7.804800	4.542857
7.824400	4.542857
7.844000	4.542857
7.863600	4.542857
7.883200	4.542857
7.902800	4.542857
7.922400	4.542857
7.942000	4.542857
7.961600	4.542857
7.981200	4.542857
8.000800	4.542857
8.020400	4.542857
8.040000	4.542857
8.059600	4.542857
8.079200	4.542857
8.098800	4.542857
8.118400	4.542857
8.138000	4.542857
8.157600	4.542857
8.177200	4.542857
8.196800	4.542857
8.216400	4.542857
8.236000	4.542857
8.255600	4.542857
8.275200	4.542857
8.294800	4.542857
8.314400	4.542857
8.334000	4.542857
8.353600	4.542857
8.373200	4.542857
8.392800	4.542857
8.412400	4.542857
8.432000	4.542857
8.451600	4.542857
8.471200	4.542857
8.490800	4.542857
8.510400	4.542857
8.530000	4.542857
8.549600	4.542857
8.569200	4.542857
8.588800	4.542857
8.608400	4.542857
8.628000	4.542857
8.647600	4.542857
8.667200	4.542857
8.686800	4.542857
8.706400	4.542857
8.726000	4.542857
8.745600	4.542857
8.765200	4.542857
8.784800	4.542857
8.804400	4.542857
8.824000	4.542857
8.843600	4.542857
8.863200	4.542857
8.882800	4.542857
8.902400	4.542857
8.922000	4.542857
8.941600	4.542857
8.961200	4.542857
8.980800	4.542857
9.000400	4.542857
9.020000	4.542857
9.039600	4.542857
9.059200	4.542857
9.078800	4.542857
9.098400	4.542857
9.118000	4.542857
9.137600	4.542857
9.157200	4.542857
9.176800	4.542857
9.196400	4.542857
9.216000	4.542857
9.235600	4.542857
9.255200	4.542857
9.274800	4.542857
9.294400	4.542857
9.314000	4.542857
9.333600	4.542857
9.353200	4.542857
9.372800	4.542857
9.392400	4.542857
9.412000	4.542857
9.431600	4.542857
9.451200	4.542857
9.470800	4.542857
9.490400	4.542857
9.510000	4.542857
9.529600	4.542857
9.549200	4.542857
9.568800	4.542857
9.588400	4.542857
9.608000	4.542857
9.627600	4.542857
9.647200	4.542857
9.666800	4.542857
9.686400	4.542857
9.706000	4.542857
9.725600	4.542857
9.745200	4.542857
9.764800	4.542857
9.784400	4.542857
9.804000	4.542857
9.823600	4.542857
9.843200	4.542857
9.862800	4.542857
9.882400	4.542857
9.902000	4.542857
9.921600	4.542857
9.941200	4.542857
9.960800	4.542857
9.980400	4.542857
10.000000	4.542857
