0.033000	51.639996
0.044934	51.674659
0.056868	51.709322
0.068802	51.743984
0.080736	51.778647
0.092670	51.813310
0.104604	51.847972
0.116538	51.882635
0.128472	51.917298
0.140406	51.951960
0.152340	51.986623
0.164274	52.021286
0.176208	52.055948
0.188142	52.090611
0.200076	52.125274
0.212010	52.159936
0.223944	52.194599
0.235878	52.229262
0.247812	52.263924
0.259746	52.298587
0.271680	52.333250
0.283614	52.367912
0.295548	52.402575
0.307482	52.437238
0.319416	52.471900
0.331350	52.506563
0.343284	52.541226
0.355218	52.575888
0.367152	52.610551
0.379086	52.645214
0.391020	52.679876
0.402954	52.714539
0.414888	52.749201
0.426822	52.783864
0.438756	52.818527
0.450690	52.853189
0.462624	52.887852
0.474558	52.922515
0.486492	52.957177
0.498426	52.991840
0.510360	53.026503
0.522294	53.061165
0.534228	53.095828
0.546162	53.130491
0.558096	53.165153
0.570030	53.199816
0.581964	53.234479
0.593898	53.269141
0.605832	53.303804
0.617766	53.338467
0.629700	53.373129
0.641634	53.407792
0.653568	53.442455
0.665502	53.477117
0.677436	53.511780
0.689370	53.546443
0.701304	53.581105
0.713238	53.615768
0.725172	53.650431
0.737106	53.685093
0.749040	53.719756
0.760974	53.754419
0.772908	53.789081
0.784842	53.823744
0.796776	53.858406
0.808710	53.893069
0.820644	53.927732
0.832578	53.962394
0.844512	53.997057
0.856446	54.031720
0.868380	54.066382
0.880314	54.101045
0.892248	54.135708
0.904182	54.170370
0.916116	54.205033
0.928050	54.239696
0.939984	54.274358
0.951918	54.309021
0.963852	54.343684
0.975786	54.378346
0.987720	54.413009
0.999654	54.447672
1.011588	54.482334
1.023522	54.516997
1.035456	54.551660
1.047390	54.586322
1.059324	54.620985
1.071258	54.655648
1.083192	54.690310
1.095126	54.724973
1.107060	54.759636
1.118994	54.794298
1.130928	54.828961
1.142862	54.863624
1.154796	54.898286
1.166730	54.932949
1.178664	54.967611
1.190598	55.002274
1.202532	55.036937
1.214466	55.071599
1.226400	55.106262
1.238334	55.140925
1.250268	55.175587
1.262202	55.210250
1.274136	55.244913
1.286070	55.279575
1.298004	55.314238
1.309938	55.348901
1.321872	55.383563
1.333806	55.418226
1.345740	55.452889
1.357674	55.487551
1.369608	55.522214
1.381542	55.556877
1.393476	55.591539
1.405410	55.626202
1.417344	55.660865
1.429278	55.695527
1.441212	55.730190
1.453146	55.764853
1.465080	55.799515
1.477014	55.834178
1.488948	55.868841
1.500882	55.903503
1.512816	55.938166
1.524750	55.972829
1.536684	56.007491
1.548618	56.042154
1.560552	56.076816
1.572486	56.111479
1.584420	56.146142
1.596354	56.180804
1.608288	56.215467
1.620222	56.250130
1.632156	56.284792
1.644090	56.319455
1.656024	56.354118
1.667958	56.388780
1.679892	56.423443
1.691826	56.458106
1.703760	56.492768
1.715694	56.527431
1.727628	56.562094
1.739562	56.596756
1.751496	56.631419
1.763430	56.666082
1.775364	56.700744
1.787298	56.735407
1.799232	56.770070
1.811166	56.804732
1.823100	56.839395
1.835034	56.874058
1.846968	56.908720
1.858902	56.943383
1.870836	56.978046
1.882770	57.012708
1.894704	57.047371
1.906638	57.082034
1.918572	57.116696
1.930506	57.151359
1.942440	57.186021
1.954374	57.220684
1.966308	57.255347
1.978242	57.290009
1.990176	57.324672
2.002110	57.359335
2.014044	57.393997
2.025978	57.428660
2.037912	57.463323
2.049846	57.497985
2.061780	57.532648
2.073714	57.567311
2.085648	57.601973
2.097582	57.636636
2.109516	57.671299
2.121450	57.705961
2.133384	57.740624
2.145318	57.775287
2.157252	57.809949
2.169186	57.844612
2.181120	57.879275
2.193054	57.913937
2.204988	57.948600
2.216922	57.983263
2.228856	58.017925
2.240790	58.052588
2.252724	58.087251
2.264658	58.121913
2.276592	58.156576
2.288526	58.191239
2.300460	58.225901
2.312394	58.260564
2.324328	58.295226
2.336262	58.329889
2.348196	58.364552
2.360130	58.399214
2.372064	58.433877
2.383998	58.468540
2.395932	58.503202
2.407866	58.537865
2.419800	58.572528
2.431734	58.607190
2.443668	58.641853
2.455602	58.676516
2.467536	58.711178
2.479470	58.745841
2.491404	58.780504
2.503338	58.815166
2.515272	58.849829
2.527206	58.884492
2.539140	58.919154
2.551074	58.953817
2.563008	58.988480
2.574942	59.023142
2.586876	59.057805
2.598810	59.092468
2.610744	59.127130
2.622678	59.161793
2.634612	59.196456
2.646546	59.231118
2.658480	59.265781
2.670414	59.300443
2.682348	59.335106
2.694282	59.369769
2.706216	59.404431
2.718150	59.439094
2.730084	59.473757
2.742018	59.508419
2.753952	59.543082
2.765886	59.577745
2.777820	59.612407
2.789754	59.647070
2.801688	59.681733
2.813622	59.716395
2.825556	59.751058
2.837490	59.785721
2.849424	59.820383
2.861358	59.855046
2.873292	59.889709
2.885226	59.924371
2.897160	59.959034
2.909094	59.993697
2.921028	60.028359
2.932962	60.063022
2.944896	60.097685
2.956830	60.132347
2.968764	60.167010
2.980698	60.201673
2.992632	60.236335
3.004566	60.270998
3.016500	60.305661
3.028434	60.340323
3.040368	60.374986
3.052302	60.409648
3.064236	60.444311
3.076170	60.478974
3.088104	60.513636
3.100038	60.548299
3.111972	60.582962
3.123906	60.617624
3.135840	60.652287
3.147774	60.686950
3.159708	60.721612
3.171642	60.756275
3.183576	60.790938
3.195510	60.825600
3.207444	60.860263
3.219378	60.894926
3.231312	60.929588
3.243246	60.964251
3.255180	60.998914
3.267114	61.033576
3.279048	61.068239
3.290982	61.102902
3.302916	61.137564
3.314850	61.172227
3.326784	61.206890
3.338718	61.241552
3.350652	61.276215
3.362586	61.310878
3.374520	61.345540
3.386454	61.380203
3.398388	61.414866
3.410322	61.449528
3.422256	61.484191
3.434190	61.518853
3.446124	61.553516
3.458058	61.588179
3.469992	61.622841
3.481926	61.657504
3.493860	61.692167
3.505794	61.726829
3.517728	61.761492
3.529662	61.796155
3.541596	61.830817
3.553530	61.865480
3.565464	61.900143
3.577398	61.934805
3.589332	61.969468
3.601266	62.004131
3.613200	62.038793
3.625134	62.073456
3.637068	62.108119
3.649002	62.142781
3.660936	62.177444
3.672870	62.212107
3.684804	62.246769
3.696738	62.281432
3.708672	62.316095
3.720606	62.350757
3.732540	62.385420
3.744474	62.420083
3.756408	62.454745
3.768342	62.489408
3.780276	62.524071
3.792210	62.558733
3.804144	62.593396
3.816078	62.628058
3.828012	62.662721
3.839946	62.697384
3.851880	62.732046
3.863814	62.766709
3.875748	62.801372
3.887682	62.836034
3.899616	62.870697
3.911550	62.905360
3.923484	62.940022
3.935418	62.974685
3.947352	63.009348
3.959286	63.044010
3.971220	63.078673
3.983154	63.113336
3.995088	63.147998
4.007022	63.182661
4.018956	63.217324
4.030890	63.251986
4.042824	63.286649
4.054758	63.321312
4.066692	63.355974
4.078626	63.390637
4.090560	63.425300
4.102494	63.459962
4.114428	63.494625
4.126362	63.529288
4.138296	63.563950
4.150230	63.598613
4.162164	63.633276
4.174098	63.667938
4.186032	63.702601
4.197966	63.737263
4.209900	63.771926
4.221834	63.806589
4.233768	63.841251
4.245702	63.875914
4.257636	63.910577
4.269570	63.945239
4.281504	63.979902
4.293438	64.014565
4.305372	64.049227
4.317306	64.083890
4.329240	64.118553
4.341174	64.153215
4.353108	64.187878
4.365042	64.222541
4.376976	64.257203
4.388910	64.291866
4.400844	64.326529
4.412778	64.361191
4.424712	64.395854
4.436646	64.430517
4.448580	64.465179
4.460514	64.499842
4.472448	64.534505
4.484382	64.569167
4.496316	64.603830
4.508250	64.638493
4.520184	64.673155
4.532118	64.707818
4.544052	64.742481
4.555986	64.777143
4.567920	64.811806
4.579854	64.846468
4.591788	64.881131
4.603722	64.915794
4.615656	64.950456
4.627590	64.985119
4.639524	65.019782
4.651458	65.054444
4.663392	65.089107
4.675326	65.123770
4.687260	65.158432
4.699194	65.193095
4.711128	65.227758
4.723062	65.262420
4.734996	65.297083
4.746930	65.331746
4.758864	65.366408
4.770798	65.401071
4.782732	65.435734
4.794666	65.470396
4.806600	65.505059
4.818534	65.539722
4.830468	65.574384
4.842402	65.609047
4.854336	65.643710
4.866270	65.678372
4.878204	65.713035
4.890138	65.747698
4.902072	65.782360
4.914006	65.817023
4.925940	65.851686
4.937874	65.886348
4.949808	65.921011
4.961742	65.955673
4.973676	65.990336
4.985610	66.024999
4.997544	66.059661
5.009478	66.094324
5.021412	66.128987
5.033346	66.163649
5.045280	66.198312
5.057214	66.232975
5.069148	66.267637
5.081082	66.302300
5.093016	66.336963
5.104950	66.371625
5.116884	66.406288
5.128818	66.440951
5.140752	66.475613
5.152686	66.510276
5.164620	66.544939
5.176554	66.579601
5.188488	66.614264
5.200422	66.648927
5.212356	66.683589
5.224290	66.718252
5.236224	66.752915
5.248158	66.787577
5.260092	66.822240
5.272026	66.856903
5.283960	66.891565
5.295894	66.926228
5.307828	66.960891
5.319762	66.995553
5.331696	67.030216
5.343630	67.064878
5.355564	67.099541
5.367498	67.134204
5.379432	67.168866
5.391366	67.203529
5.403300	67.238192
5.415234	67.272854
5.427168	67.307517
5.439102	67.342180
5.451036	67.376842
5.462970	67.411505
5.474904	67.446168
5.486838	67.480830
5.498772	67.515493
5.510706	67.550156
5.522640	67.584818
5.534574	67.619481
5.546508	67.654144
5.558442	67.688806
5.570376	67.723469
5.582310	67.758132
5.594244	67.792794
5.606178	67.827457
5.618112	67.862120
5.630046	67.896782
5.641980	67.931445
5.653914	67.966108
5.665848	68.000770
5.677782	68.035433
5.689716	68.070096
5.701650	68.104758
5.713584	68.139421
5.725518	68.174083
5.737452	68.208746
5.749386	68.243409
5.761320	68.278071
5.773254	68.312734
5.785188	68.347397
5.797122	68.382059
5.809056	68.416722
5.820990	68.451385
5.832924	68.486047
5.844858	68.520710
5.856792	68.555373
5.868726	68.590035
5.880660	68.624698
5.892594	68.659361
5.904528	68.694023
5.916462	68.728686
5.928396	68.763349
5.940330	68.798011
5.952264	68.832674
5.964198	68.867337
5.976132	68.901999
5.988066	68.936662
6.000000	68.971325
