7.300000	0.653804
7.307800	0.653694
7.315600	0.653582
7.323400	0.653468
7.331200	0.653350
7.339000	0.653231
7.346800	0.653108
7.354600	0.652983
7.362400	0.652855
7.370200	0.652725
7.378000	0.652592
7.385800	0.652457
7.393600	0.652319
7.401400	0.652178
7.409200	0.652035
7.417000	0.651889
7.424800	0.651740
7.432600	0.651589
7.440400	0.651435
7.448200	0.651278
7.456000	0.651119
7.463800	0.650957
7.471600	0.650793
7.479400	0.650626
7.487200	0.650456
7.495000	0.650284
7.502800	0.650109
7.510600	0.649931
7.518400	0.649751
7.526200	0.649568
7.534000	0.649382
7.541800	0.649194
7.549600	0.649003
7.557400	0.648809
7.565200	0.648613
7.573000	0.648413
7.580800	0.648212
7.588600	0.648007
7.596400	0.647800
7.604200	0.647590
7.612000	0.647378
7.619800	0.647163
7.627600	0.646945
7.635400	0.646724
7.643200	0.646501
7.651000	0.646275
7.658800	0.646046
7.666600	0.645815
7.674400	0.645581
7.682200	0.645344
7.690000	0.645104
7.697800	0.644862
7.705600	0.644617
7.713400	0.644369
7.721200	0.644118
7.729000	0.643865
7.736800	0.643609
7.744600	0.643351
7.752400	0.643089
7.760200	0.642825
7.768000	0.642558
7.775800	0.642288
7.783600	0.642016
7.791400	0.641741
7.799200	0.641463
7.807000	0.641182
7.814800	0.640898
7.822600	0.640612
7.830400	0.640323
7.838200	0.640031
7.846000	0.639737
7.853800	0.639439
7.861600	0.639139
7.869400	0.638836
7.877200	0.638530
7.885000	0.638222
7.892800	0.637910
7.900600	0.637596
7.908400	0.637279
7.916200	0.636960
7.924000	0.636637
7.931800	0.636312
7.939600	0.635984
7.947400	0.635653
7.955200	0.635319
7.963000	0.634982
7.970800	0.634643
7.978600	0.634301
7.986400	0.633956
7.994200	0.633608
8.002000	0.633257
8.009800	0.632904
8.017600	0.632547
8.025400	0.632188
8.033200	0.631826
8.041000	0.631461
8.048800	0.631093
8.056600	0.630723
8.064400	0.630349
8.072200	0.629973
8.080000	0.629594
8.087800	0.629212
8.095600	0.628827
8.103400	0.628439
8.111200	0.628048
8.119000	0.627655
8.126800	0.627258
8.134600	0.626859
8.142400	0.626457
8.150200	0.626052
8.158000	0.625644
8.165800	0.625233
8.173600	0.624819
8.181400	0.624403
8.189200	0.623983
8.197000	0.623561
8.204800	0.623135
8.212600	0.622707
8.220400	0.622276
8.228200	0.621842
8.236000	0.621405
8.243800	0.620965
8.251600	0.620522
8.259400	0.620077
8.267200	0.619628
8.275000	0.619176
8.282800	0.618722
8.290600	0.618264
8.298400	0.617804
8.306200	0.617341
8.314000	0.616874
8.321800	0.616405
8.329600	0.615933
8.337400	0.615458
8.345200	0.614980
8.353000	0.614499
8.360800	0.614015
8.368600	0.613528
8.376400	0.613038
8.384200	0.612545
8.392000	0.612049
8.399800	0.611551
8.407600	0.611049
8.415400	0.610544
8.423200	0.610036
8.431000	0.609525
8.438800	0.609012
8.446600	0.608495
8.454400	0.607975
8.462200	0.607453
8.470000	0.606927
8.477800	0.606398
8.485600	0.605867
8.493400	0.605332
8.501200	0.604794
8.509000	0.604253
8.516800	0.603710
8.524600	0.603163
8.532400	0.602613
8.540200	0.602060
8.548000	0.601504
8.555800	0.600946
8.563600	0.600384
8.571400	0.599819
8.579200	0.599251
8.587000	0.598680
8.594800	0.598106
8.602600	0.597529
8.610400	0.596949
8.618200	0.596365
8.626000	0.595779
8.633800	0.595190
8.641600	0.594598
8.649400	0.594002
8.657200	0.593404
8.665000	0.592802
8.672800	0.592198
8.680600	0.591590
8.688400	0.590979
8.696200	0.590365
8.704000	0.589748
8.711800	0.589128
8.719600	0.588505
8.727400	0.587879
8.735200	0.587250
8.743000	0.586617
8.750800	0.585982
8.758600	0.585343
8.766400	0.584702
8.774200	0.584057
8.782000	0.583409
8.789800	0.582758
8.797600	0.582104
8.805400	0.581447
8.813200	0.580787
8.821000	0.580123
8.828800	0.579456
8.836600	0.578787
8.844400	0.578114
8.852200	0.577438
8.860000	0.576759
8.867800	0.576077
8.875600	0.575391
8.883400	0.574703
8.891200	0.574011
8.899000	0.573316
8.906800	0.572618
8.914600	0.571917
8.922400	0.571213
8.930200	0.570505
8.938000	0.569795
8.945800	0.569081
8.953600	0.568364
8.961400	0.567644
8.969200	0.566920
8.977000	0.566194
8.984800	0.565464
8.992600	0.564731
9.000400	0.563995
9.008200	0.563256
9.016000	0.562514
9.023800	0.561768
9.031600	0.561019
9.039400	0.560267
9.047200	0.559512
9.055000	0.558754
9.062800	0.557992
9.070600	0.557227
9.078400	0.556459
9.086200	0.555688
9.094000	0.554914
9.101800	0.554136
9.109600	0.553355
9.117400	0.552571
9.125200	0.551783
9.133000	0.550993
9.140800	0.550199
9.148600	0.549402
9.156400	0.548602
9.164200	0.547798
9.172000	0.546991
9.179800	0.546181
9.187600	0.545368
9.195400	0.544551
9.203200	0.543731
9.211000	0.542908
9.218800	0.542082
9.226600	0.541252
9.234400	0.540419
9.242200	0.539583
9.250000	0.538744
9.257800	0.537901
9.265600	0.537055
9.273400	0.536206
9.281200	0.535353
9.289000	0.534497
9.296800	0.533638
9.304600	0.532776
9.312400	0.531910
9.320200	0.531041
9.328000	0.530169
9.335800	0.529293
9.343600	0.528414
9.351400	0.527532
9.359200	0.526646
9.367000	0.525758
9.374800	0.524865
9.382600	0.523970
9.390400	0.523071
9.398200	0.522169
9.406000	0.521263
9.413800	0.520354
9.421600	0.519442
9.429400	0.518527
9.437200	0.517608
9.445000	0.516686
9.452800	0.515760
9.460600	0.514831
9.468400	0.513899
9.476200	0.512964
9.484000	0.512025
9.491800	0.511082
9.499600	0.510137
9.507400	0.509188
9.515200	0.508235
9.523000	0.507279
9.530800	0.506320
9.538600	0.505358
9.546400	0.504392
9.554200	0.503423
9.562000	0.502450
9.569800	0.501474
9.577600	0.500494
9.585400	0.499512
9.593200	0.498525
9.601000	0.497536
9.608800	0.496543
9.616600	0.495546
9.624400	0.494546
9.632200	0.493543
9.640000	0.492537
9.647800	0.491526
9.655600	0.490513
9.663400	0.489496
9.671200	0.488476
9.679000	0.487452
9.686800	0.486425
9.694600	0.485394
9.702400	0.484360
9.710200	0.483323
9.718000	0.482282
9.725800	0.481237
9.733600	0.480189
9.741400	0.479138
9.749200	0.478083
9.757000	0.477025
9.764800	0.475964
9.772600	0.474898
9.780400	0.473830
9.788200	0.472758
9.796000	0.471682
9.803800	0.470603
9.811600	0.469521
9.819400	0.468435
9.827200	0.467346
9.835000	0.466253
9.842800	0.465156
9.850600	0.464057
9.858400	0.462953
9.866200	0.461846
9.874000	0.460736
9.881800	0.459622
9.889600	0.458505
9.897400	0.457384
9.905200	0.456260
9.913000	0.455132
9.920800	0.454001
9.928600	0.452866
9.936400	0.451727
9.944200	0.450586
9.952000	0.449440
9.959800	0.448291
9.967600	0.447139
9.975400	0.445983
9.983200	0.444823
9.991000	0.443660
9.998800	0.442493
10.006600	0.441323
10.014400	0.440150
10.022200	0.438972
10.030000	0.437791
10.037800	0.436607
10.045600	0.435419
10.053400	0.434228
10.061200	0.433033
10.069000	0.431834
10.076800	0.430632
10.084600	0.429426
10.092400	0.428217
10.100200	0.427004
10.108000	0.425788
10.115800	0.424568
10.123600	0.423344
10.131400	0.422117
10.139200	0.420886
10.147000	0.419651
10.154800	0.418414
10.162600	0.417172
10.170400	0.415927
10.178200	0.414678
10.186000	0.413426
10.193800	0.412170
10.201600	0.410910
10.209400	0.409647
10.217200	0.408380
10.225000	0.407109
10.232800	0.405835
10.240600	0.404558
10.248400	0.403276
10.256200	0.401991
10.264000	0.400703
10.271800	0.399410
10.279600	0.398115
10.287400	0.396815
10.295200	0.395512
10.303000	0.394205
10.310800	0.392895
10.318600	0.391581
10.326400	0.390263
10.334200	0.388941
10.342000	0.387616
10.349800	0.386287
10.357600	0.384955
10.365400	0.383619
10.373200	0.382279
10.381000	0.380936
10.388800	0.379589
10.396600	0.378238
10.404400	0.376883
10.412200	0.375525
10.420000	0.374163
10.427800	0.372798
10.435600	0.371429
10.443400	0.370056
10.451200	0.368679
10.459000	0.367299
10.466800	0.365915
10.474600	0.364527
10.482400	0.363135
10.490200	0.361740
10.498000	0.360341
10.505800	0.358939
10.513600	0.357532
10.521400	0.356122
10.529200	0.354709
10.537000	0.353291
10.544800	0.351870
10.552600	0.350445
10.560400	0.349016
10.568200	0.347584
10.576000	0.346147
10.583800	0.344708
10.591600	0.343264
10.599400	0.341816
10.607200	0.340365
10.615000	0.338910
10.622800	0.337451
10.630600	0.335989
10.638400	0.334523
10.646200	0.333053
10.654000	0.331579
10.661800	0.330101
10.669600	0.328620
10.677400	0.327135
10.685200	0.325646
10.693000	0.324153
10.700800	0.322657
10.708600	0.321156
10.716400	0.319652
10.724200	0.318145
10.732000	0.316633
10.739800	0.315117
10.747600	0.313598
10.755400	0.312075
10.763200	0.310548
10.771000	0.309018
10.778800	0.307483
10.786600	0.305945
10.794400	0.304402
10.802200	0.302857
10.810000	0.301307
10.817800	0.299753
10.825600	0.298196
10.833400	0.296634
10.841200	0.295069
10.849000	0.293500
10.856800	0.291927
10.864600	0.290351
10.872400	0.288770
10.880200	0.287186
10.888000	0.285598
10.895800	0.284005
10.903600	0.282410
10.911400	0.280810
10.919200	0.279206
10.927000	0.277599
10.934800	0.275987
10.942600	0.274372
10.950400	0.272753
10.958200	0.271130
10.966000	0.269503
10.973800	0.267872
10.981600	0.266237
10.989400	0.264599
10.997200	0.262956
11.005000	0.261310
11.012800	0.259659
11.020600	0.258005
11.028400	0.256347
11.036200	0.254685
11.044000	0.253019
11.051800	0.251350
11.059600	0.249676
11.067400	0.247998
11.075200	0.246317
11.083000	0.244631
11.090800	0.242942
11.098600	0.241248
11.106400	0.239551
11.114200	0.237850
11.122000	0.236145
11.129800	0.234436
11.137600	0.232723
11.145400	0.231006
11.153200	0.229285
11.161000	0.227560
11.168800	0.225831
11.176600	0.224098
11.184400	0.222362
11.192200	0.220621
11.200000	0.218876
