1.000000	-927.506936
1.098000	-840.039017
1.196000	-766.064743
1.294000	-702.448985
1.392000	-646.939493
1.490000	-597.876556
1.588000	-554.010165
1.686000	-514.380942
1.784000	-478.240313
1.882000	-444.995625
1.980000	-414.171558
2.078000	-385.382457
2.176000	-358.312142
2.274000	-332.698939
2.372000	-308.324415
2.470000	-285.004807
2.568000	-262.584400
2.666000	-240.930377
2.764000	-219.928756
2.862000	-199.481169
2.960000	-179.502272
3.058000	-159.917664
3.156000	-140.662183
3.254000	-121.678518
3.352000	-102.916061
3.450000	-84.329952
3.548000	-65.880290
3.646000	-47.531461
3.744000	-29.251583
3.842000	-11.012024
3.940000	7.212997
4.038000	25.446759
4.136000	43.710336
4.234000	62.022849
4.332000	80.401690
4.430000	98.862711
4.528000	117.420393
4.626000	136.087988
4.724000	154.877650
4.822000	173.800545
4.920000	192.866948
5.018000	212.086332
5.116000	231.467445
5.214000	251.018376
5.312000	270.746617
5.410000	290.659119
5.508000	310.762337
5.606000	331.062273
5.704000	351.564520
5.802000	372.274291
5.900000	393.196453
5.998000	414.335554
6.096000	435.695852
6.194000	457.281332
6.292000	479.095734
6.390000	501.142567
6.488000	523.425129
6.586000	545.946519
6.684000	568.709658
6.782000	591.717296
6.880000	614.972026
6.978000	638.476297
7.076000	662.232421
7.174000	686.242583
7.272000	710.508853
7.370000	735.033187
7.468000	759.817443
7.566000	784.863378
7.664000	810.172662
7.762000	835.746881
7.860000	861.587540
7.958000	887.696070
8.056000	914.073834
8.154000	940.722129
8.252000	967.642190
8.350000	994.835193
8.448000	1022.302261
8.546000	1050.044465
8.644000	1078.062827
8.742000	1106.358324
8.840000	1134.931889
8.938000	1163.784414
9.036000	1192.916753
9.134000	1222.329723
9.232000	1252.024106
9.330000	1282.000652
9.428000	1312.260078
9.526000	1342.803074
9.624000	1373.630300
9.722000	1404.742389
9.820000	1436.139951
9.918000	1467.823571
10.016000	1499.793810
10.114000	1532.051207
10.212000	1564.596283
10.310000	1597.429537
10.408000	1630.551449
10.506000	1663.962483
10.604000	1697.663083
10.702000	1731.653679
10.800000	1765.934686
10.898000	1800.506501
10.996000	1835.369509
11.094000	1870.524082
11.192000	1905.970578
11.290000	1941.709341
11.388000	1977.740707
11.486000	2014.064996
11.584000	2050.682521
11.682000	2087.593583
11.780000	2124.798473
11.878000	2162.297471
11.976000	2200.090850
12.074000	2238.178874
12.172000	2276.561797
12.270000	2315.239866
12.368000	2354.213319
12.466000	2393.482389
12.564000	2433.047299
12.662000	2472.908267
12.760000	2513.065502
12.858000	2553.519210
12.956000	2594.269587
13.054000	2635.316827
13.152000	2676.661115
13.250000	2718.302632
13.348000	2760.241554
13.446000	2802.478050
13.544000	2845.012287
13.642000	2887.844424
13.740000	2930.974619
13.838000	2974.403022
13.936000	3018.129782
14.034000	3062.155040
14.132000	3106.478937
14.230000	3151.101609
14.328000	3196.023186
14.426000	3241.243796
14.524000	3286.763566
14.622000	3332.582616
14.720000	3378.701064
14.818000	3425.119025
14.916000	3471.836611
15.014000	3518.853931
15.112000	3566.171092
15.210000	3613.788197
15.308000	3661.705346
15.406000	3709.922639
15.504000	3758.440170
15.602000	3807.258034
15.700000	3856.376321
15.798000	3905.795121
15.896000	3955.514518
15.994000	4005.534600
16.092000	4055.855446
16.190000	4106.477139
16.288000	4157.399757
16.386000	4208.623375
16.484000	4260.148070
16.582000	4311.973913
16.680000	4364.100977
16.778000	4416.529331
16.876000	4469.259043
16.974000	4522.290179
17.072000	4575.622805
17.170000	4629.256983
17.268000	4683.192776
17.366000	4737.430245
17.464000	4791.969448
17.562000	4846.810444
17.660000	4901.953290
17.758000	4957.398039
17.856000	5013.144748
17.954000	5069.193468
18.052000	5125.544253
18.150000	5182.197151
18.248000	5239.152213
18.346000	5296.409488
18.444000	5353.969023
18.542000	5411.830865
18.640000	5469.995059
18.738000	5528.461649
18.836000	5587.230680
18.934000	5646.302195
19.032000	5705.676234
19.130000	5765.352839
19.228000	5825.332051
19.326000	5885.613909
19.424000	5946.198450
19.522000	6007.085714
19.620000	6068.275737
19.718000	6129.768556
19.816000	6191.564205
19.914000	6253.662721
20.012000	6316.064137
20.110000	6378.768486
20.208000	6441.775802
20.306000	6505.086117
20.404000	6568.699462
20.502000	6632.615869
20.600000	6696.835368
20.698000	6761.357989
20.796000	6826.183761
20.894000	6891.312713
20.992000	6956.744873
21.090000	7022.480269
21.188000	7088.518927
21.286000	7154.860876
21.384000	7221.506141
21.482000	7288.454747
21.580000	7355.706720
21.678000	7423.262084
21.776000	7491.120865
21.874000	7559.283085
21.972000	7627.748769
22.070000	7696.517939
22.168000	7765.590619
22.266000	7834.966830
22.364000	7904.646594
22.462000	7974.629932
22.560000	8044.916867
22.658000	8115.507418
22.756000	8186.401606
22.854000	8257.599451
22.952000	8329.100973
23.050000	8400.906191
23.148000	8473.015124
23.246000	8545.427790
23.344000	8618.144209
23.442000	8691.164399
23.540000	8764.488376
23.638000	8838.116159
23.736000	8912.047765
23.834000	8986.283210
23.932000	9060.822512
24.030000	9135.665687
24.128000	9210.812750
24.226000	9286.263718
24.324000	9362.018607
24.422000	9438.077431
24.520000	9514.440206
24.618000	9591.106946
24.716000	9668.077667
24.814000	9745.352382
24.912000	9822.931106
25.010000	9900.813853
25.108000	9979.000636
25.206000	10057.491469
25.304000	10136.286365
25.402000	10215.385338
25.500000	10294.788400
25.598000	10374.495564
25.696000	10454.506842
25.794000	10534.822247
25.892000	10615.441791
25.990000	10696.365486
26.088000	10777.593344
26.186000	10859.125375
26.284000	10940.961592
26.382000	11023.102006
26.480000	11105.546628
26.578000	11188.295469
26.676000	11271.348539
26.774000	11354.705850
26.872000	11438.367411
26.970000	11522.333233
27.068000	11606.603327
27.166000	11691.177701
27.264000	11776.056366
27.362000	11861.239332
27.460000	11946.726608
27.558000	12032.518204
27.656000	12118.614128
27.754000	12205.014391
27.852000	12291.719001
27.950000	12378.727967
28.048000	12466.041298
28.146000	12553.659002
28.244000	12641.581089
28.342000	12729.807566
28.440000	12818.338442
28.538000	12907.173725
28.636000	12996.313423
28.734000	13085.757544
28.832000	13175.506096
28.930000	13265.559087
29.028000	13355.916524
29.126000	13446.578415
29.224000	13537.544768
29.322000	13628.815589
29.420000	13720.390886
29.518000	13812.270667
29.616000	13904.454937
29.714000	13996.943705
29.812000	14089.736977
29.910000	14182.834760
30.008000	14276.237061
30.106000	14369.943885
30.204000	14463.955240
30.302000	14558.271133
30.400000	14652.891569
30.498000	14747.816555
30.596000	14843.046096
30.694000	14938.580200
30.792000	15034.418872
30.890000	15130.562118
30.988000	15227.009944
31.086000	15323.762356
31.184000	15420.819360
31.282000	15518.180961
31.380000	15615.847164
31.478000	15713.817976
31.576000	15812.093402
31.674000	15910.673447
31.772000	16009.558116
31.870000	16108.747415
31.968000	16208.241350
32.066000	16308.039924
32.164000	16408.143144
32.262000	16508.551013
32.360000	16609.263538
32.458000	16710.280723
32.556000	16811.602573
32.654000	16913.229092
32.752000	17015.160286
32.850000	17117.396159
32.948000	17219.936715
33.046000	17322.781960
33.144000	17425.931897
33.242000	17529.386532
33.340000	17633.145867
33.438000	17737.209909
33.536000	17841.578661
33.634000	17946.252127
33.732000	18051.230311
33.830000	18156.513219
33.928000	18262.100853
34.026000	18367.993218
34.124000	18474.190317
34.222000	18580.692156
34.320000	18687.498737
34.418000	18794.610064
34.516000	18902.026142
34.614000	19009.746974
34.712000	19117.772564
34.810000	19226.102916
34.908000	19334.738032
35.006000	19443.677918
35.104000	19552.922575
35.202000	19662.472009
35.300000	19772.326222
35.398000	19882.485218
35.496000	19992.949000
35.594000	20103.717572
35.692000	20214.790937
35.790000	20326.169098
35.888000	20437.852058
35.986000	20549.839821
36.084000	20662.132390
36.182000	20774.729769
36.280000	20887.631959
36.378000	21000.838965
36.476000	21114.350789
36.574000	21228.167435
36.672000	21342.288905
36.770000	21456.715202
36.868000	21571.446330
36.966000	21686.482291
37.064000	21801.823088
37.162000	21917.468724
37.260000	22033.419201
37.358000	22149.674523
37.456000	22266.234692
37.554000	22383.099712
37.652000	22500.269583
37.750000	22617.744310
37.848000	22735.523896
37.946000	22853.608341
38.044000	22971.997650
38.142000	23090.691825
38.240000	23209.690867
38.338000	23328.994781
38.436000	23448.603567
38.534000	23568.517230
38.632000	23688.735770
38.730000	23809.259191
38.828000	23930.087495
38.926000	24051.220684
39.024000	24172.658760
39.122000	24294.401727
39.220000	24416.449585
39.318000	24538.802338
39.416000	24661.459988
39.514000	24784.422537
39.612000	24907.689986
39.710000	25031.262339
39.808000	25155.139598
39.906000	25279.321763
40.004000	25403.808839
40.102000	25528.600826
40.200000	25653.697727
40.298000	25779.099544
40.396000	25904.806279
40.494000	26030.817934
40.592000	26157.134510
40.690000	26283.756011
40.788000	26410.682437
40.886000	26537.913791
40.984000	26665.450075
41.082000	26793.291290
41.180000	26921.437438
41.278000	27049.888522
41.376000	27178.644543
41.474000	27307.705504
41.572000	27437.071404
41.670000	27566.742248
41.768000	27696.718036
41.866000	27826.998770
41.964000	27957.584451
42.062000	28088.475083
42.160000	28219.670665
42.258000	28351.171201
42.356000	28482.976691
42.454000	28615.087138
42.552000	28747.502542
42.650000	28880.222906
42.748000	29013.248232
42.846000	29146.578520
42.944000	29280.213772
43.042000	29414.153991
43.140000	29548.399177
43.238000	29682.949332
43.336000	29817.804458
43.434000	29952.964556
43.532000	30088.429628
43.630000	30224.199674
43.728000	30360.274698
43.826000	30496.654699
43.924000	30633.339680
44.022000	30770.329642
44.120000	30907.624586
44.218000	31045.224514
44.316000	31183.129428
44.414000	31321.339328
44.512000	31459.854215
44.610000	31598.674093
44.708000	31737.798960
44.806000	31877.228820
44.904000	32016.963673
45.002000	32157.003521
45.100000	32297.348365
45.198000	32437.998206
45.296000	32578.953046
45.394000	32720.212885
45.492000	32861.777725
45.590000	33003.647568
45.688000	33145.822414
45.786000	33288.302266
45.884000	33431.087123
45.982000	33574.176987
46.080000	33717.571860
46.178000	33861.271742
46.276000	34005.276635
46.374000	34149.586540
46.472000	34294.201458
46.570000	34439.121390
46.668000	34584.346338
46.766000	34729.876302
46.864000	34875.711284
46.962000	35021.851285
47.060000	35168.296305
47.158000	35315.046347
47.256000	35462.101410
47.354000	35609.461496
47.452000	35757.126607
47.550000	35905.096743
47.648000	36053.371905
47.746000	36201.952094
47.844000	36350.837311
47.942000	36500.027558
48.040000	36649.522836
48.138000	36799.323144
48.236000	36949.428485
48.334000	37099.838859
48.432000	37250.554268
48.530000	37401.574712
48.628000	37552.900192
48.726000	37704.530709
48.824000	37856.466265
48.922000	38008.706859
49.020000	38161.252494
49.118000	38314.103170
49.216000	38467.258887
49.314000	38620.719647
49.412000	38774.485451
49.510000	38928.556300
49.608000	39082.932194
49.706000	39237.613134
49.804000	39392.599122
49.902000	39547.890157
50.000000	39703.486242
