7.300000	0.677726
7.307800	0.676969
7.315600	0.676214
7.323400	0.675459
7.331200	0.674707
7.339000	0.673955
7.346800	0.673205
7.354600	0.672456
7.362400	0.671708
7.370200	0.670961
7.378000	0.670216
7.385800	0.669472
7.393600	0.668730
7.401400	0.667988
7.409200	0.667248
7.417000	0.666509
7.424800	0.665771
7.432600	0.665035
7.440400	0.664300
7.448200	0.663566
7.456000	0.662833
7.463800	0.662101
7.471600	0.661371
7.479400	0.660641
7.487200	0.659913
7.495000	0.659186
7.502800	0.658460
7.510600	0.657736
7.518400	0.657012
7.526200	0.656290
7.534000	0.655568
7.541800	0.654848
7.549600	0.654129
7.557400	0.653411
7.565200	0.652695
7.573000	0.651979
7.580800	0.651264
7.588600	0.650551
7.596400	0.649838
7.604200	0.649127
7.612000	0.648417
7.619800	0.647708
7.627600	0.646999
7.635400	0.646292
7.643200	0.645586
7.651000	0.644881
7.658800	0.644177
7.666600	0.643474
7.674400	0.642772
7.682200	0.642071
7.690000	0.641371
7.697800	0.640672
7.705600	0.639974
7.713400	0.639277
7.721200	0.638581
7.729000	0.637886
7.736800	0.637192
7.744600	0.636499
7.752400	0.635806
7.760200	0.635115
7.768000	0.634425
7.775800	0.633735
7.783600	0.633047
7.791400	0.632359
7.799200	0.631673
7.807000	0.630987
7.814800	0.630302
7.822600	0.629618
7.830400	0.628935
7.838200	0.628253
7.846000	0.627571
7.853800	0.626891
7.861600	0.626211
7.869400	0.625532
7.877200	0.624854
7.885000	0.624177
7.892800	0.623501
7.900600	0.622825
7.908400	0.622150
7.916200	0.621476
7.924000	0.620803
7.931800	0.620131
7.939600	0.619459
7.947400	0.618789
7.955200	0.618119
7.963000	0.617449
7.970800	0.616781
7.978600	0.616113
7.986400	0.615446
7.994200	0.614780
8.002000	0.614114
8.009800	0.613450
8.017600	0.612785
8.025400	0.612122
8.033200	0.611459
8.041000	0.610797
8.048800	0.610136
8.056600	0.609475
8.064400	0.608815
8.072200	0.608156
8.080000	0.607497
8.087800	0.606839
8.095600	0.606182
8.103400	0.605525
8.111200	0.604869
8.119000	0.604214
8.126800	0.603559
8.134600	0.602905
8.142400	0.602251
8.150200	0.601598
8.158000	0.600945
8.165800	0.600293
8.173600	0.599642
8.181400	0.598991
8.189200	0.598341
8.197000	0.597691
8.204800	0.597042
8.212600	0.596394
8.220400	0.595746
8.228200	0.595098
8.236000	0.594451
8.243800	0.593804
8.251600	0.593158
8.259400	0.592513
8.267200	0.591867
8.275000	0.591223
8.282800	0.590579
8.290600	0.589935
8.298400	0.589292
8.306200	0.588649
8.314000	0.588006
8.321800	0.587364
8.329600	0.586723
8.337400	0.586082
8.345200	0.585441
8.353000	0.584800
8.360800	0.584160
8.368600	0.583521
8.376400	0.582882
8.384200	0.582243
8.392000	0.581604
8.399800	0.580966
8.407600	0.580328
8.415400	0.579690
8.423200	0.579053
8.431000	0.578416
8.438800	0.577780
8.446600	0.577143
8.454400	0.576507
8.462200	0.575872
8.470000	0.575236
8.477800	0.574601
8.485600	0.573966
8.493400	0.573331
8.501200	0.572697
8.509000	0.572062
8.516800	0.571428
8.524600	0.570794
8.532400	0.570161
8.540200	0.569527
8.548000	0.568894
8.555800	0.568261
8.563600	0.567628
8.571400	0.566995
8.579200	0.566362
8.587000	0.565730
8.594800	0.565098
8.602600	0.564465
8.610400	0.563833
8.618200	0.563201
8.626000	0.562569
8.633800	0.561937
8.641600	0.561305
8.649400	0.560674
8.657200	0.560042
8.665000	0.559410
8.672800	0.558779
8.680600	0.558147
8.688400	0.557515
8.696200	0.556884
8.704000	0.556252
8.711800	0.555621
8.719600	0.554989
8.727400	0.554357
8.735200	0.553726
8.743000	0.553094
8.750800	0.552462
8.758600	0.551830
8.766400	0.551198
8.774200	0.550566
8.782000	0.549934
8.789800	0.549302
8.797600	0.548670
8.805400	0.548037
8.813200	0.547404
8.821000	0.546771
8.828800	0.546139
8.836600	0.545505
8.844400	0.544872
8.852200	0.544238
8.860000	0.543605
8.867800	0.542971
8.875600	0.542337
8.883400	0.541702
8.891200	0.541067
8.899000	0.540432
8.906800	0.539797
8.914600	0.539162
8.922400	0.538526
8.930200	0.537890
8.938000	0.537253
8.945800	0.536617
8.953600	0.535980
8.961400	0.535342
8.969200	0.534704
8.977000	0.534066
8.984800	0.533428
8.992600	0.532789
9.000400	0.532149
9.008200	0.531509
9.016000	0.530869
9.023800	0.530228
9.031600	0.529587
9.039400	0.528946
9.047200	0.528304
9.055000	0.527661
9.062800	0.527018
9.070600	0.526374
9.078400	0.525730
9.086200	0.525085
9.094000	0.524440
9.101800	0.523794
9.109600	0.523148
9.117400	0.522501
9.125200	0.521853
9.133000	0.521205
9.140800	0.520556
9.148600	0.519907
9.156400	0.519256
9.164200	0.518606
9.172000	0.517954
9.179800	0.517302
9.187600	0.516649
9.195400	0.515995
9.203200	0.515341
9.211000	0.514686
9.218800	0.514030
9.226600	0.513373
9.234400	0.512715
9.242200	0.512057
9.250000	0.511398
9.257800	0.510738
9.265600	0.510077
9.273400	0.509415
9.281200	0.508752
9.289000	0.508089
9.296800	0.507424
9.304600	0.506759
9.312400	0.506093
9.320200	0.505425
9.328000	0.504757
9.335800	0.504088
9.343600	0.503417
9.351400	0.502746
9.359200	0.502074
9.367000	0.501400
9.374800	0.500726
9.382600	0.500050
9.390400	0.499374
9.398200	0.498696
9.406000	0.498017
9.413800	0.497337
9.421600	0.496656
9.429400	0.495973
9.437200	0.495290
9.445000	0.494605
9.452800	0.493919
9.460600	0.493231
9.468400	0.492543
9.476200	0.491853
9.484000	0.491162
9.491800	0.490469
9.499600	0.489775
9.507400	0.489080
9.515200	0.488384
9.523000	0.487686
9.530800	0.486986
9.538600	0.486285
9.546400	0.485583
9.554200	0.484879
9.562000	0.484174
9.569800	0.483467
9.577600	0.482759
9.585400	0.482049
9.593200	0.481338
9.601000	0.480625
9.608800	0.479911
9.616600	0.479194
9.624400	0.478477
9.632200	0.477757
9.640000	0.477036
9.647800	0.476313
9.655600	0.475589
9.663400	0.474862
9.671200	0.474134
9.679000	0.473405
9.686800	0.472673
9.694600	0.471940
9.702400	0.471204
9.710200	0.470467
9.718000	0.469728
9.725800	0.468987
9.733600	0.468244
9.741400	0.467499
9.749200	0.466753
9.757000	0.466004
9.764800	0.465253
9.772600	0.464500
9.780400	0.463745
9.788200	0.462988
9.796000	0.462229
9.803800	0.461468
9.811600	0.460705
9.819400	0.459939
9.827200	0.459171
9.835000	0.458401
9.842800	0.457629
9.850600	0.456855
9.858400	0.456078
9.866200	0.455299
9.874000	0.454517
9.881800	0.453733
9.889600	0.452947
9.897400	0.452158
9.905200	0.451367
9.913000	0.450574
9.920800	0.449777
9.928600	0.448979
9.936400	0.448178
9.944200	0.447374
9.952000	0.446568
9.959800	0.445759
9.967600	0.444947
9.975400	0.444133
9.983200	0.443316
9.991000	0.442496
9.998800	0.441673
10.006600	0.440848
10.014400	0.440020
10.022200	0.439189
10.030000	0.438355
10.037800	0.437518
10.045600	0.436679
10.053400	0.435836
10.061200	0.434990
10.069000	0.434142
10.076800	0.433290
10.084600	0.432435
10.092400	0.431577
10.100200	0.430716
10.108000	0.429852
10.115800	0.428984
10.123600	0.428113
10.131400	0.427239
10.139200	0.426362
10.147000	0.425482
10.154800	0.424598
10.162600	0.423710
10.170400	0.422819
10.178200	0.421925
10.186000	0.421027
10.193800	0.420126
10.201600	0.419221
10.209400	0.418313
10.217200	0.417401
10.225000	0.416485
10.232800	0.415566
10.240600	0.414643
10.248400	0.413716
10.256200	0.412785
10.264000	0.411850
10.271800	0.410912
10.279600	0.409970
10.287400	0.409023
10.295200	0.408073
10.303000	0.407119
10.310800	0.406161
10.318600	0.405198
10.326400	0.404232
10.334200	0.403261
10.342000	0.402286
10.349800	0.401307
10.357600	0.400324
10.365400	0.399336
10.373200	0.398344
10.381000	0.397347
10.388800	0.396346
10.396600	0.395341
10.404400	0.394331
10.412200	0.393316
10.420000	0.392297
10.427800	0.391273
10.435600	0.390245
10.443400	0.389212
10.451200	0.388174
10.459000	0.387131
10.466800	0.386083
10.474600	0.385031
10.482400	0.383973
10.490200	0.382911
10.498000	0.381843
10.505800	0.380771
10.513600	0.379693
10.521400	0.378610
10.529200	0.377522
10.537000	0.376429
10.544800	0.375330
10.552600	0.374226
10.560400	0.373117
10.568200	0.372002
10.576000	0.370882
10.583800	0.369756
10.591600	0.368625
10.599400	0.367487
10.607200	0.366345
10.615000	0.365196
10.622800	0.364042
10.630600	0.362882
10.638400	0.361716
10.646200	0.360544
10.654000	0.359366
10.661800	0.358182
10.669600	0.356992
10.677400	0.355795
10.685200	0.354593
10.693000	0.353384
10.700800	0.352169
10.708600	0.350948
10.716400	0.349720
10.724200	0.348486
10.732000	0.347245
10.739800	0.345997
10.747600	0.344743
10.755400	0.343483
10.763200	0.342215
10.771000	0.340941
10.778800	0.339659
10.786600	0.338371
10.794400	0.337076
10.802200	0.335774
10.810000	0.334465
10.817800	0.333148
10.825600	0.331825
10.833400	0.330494
10.841200	0.329155
10.849000	0.327810
10.856800	0.326456
10.864600	0.325096
10.872400	0.323727
10.880200	0.322351
10.888000	0.320967
10.895800	0.319576
10.903600	0.318176
10.911400	0.316769
10.919200	0.315353
10.927000	0.313930
10.934800	0.312498
10.942600	0.311059
10.950400	0.309611
10.958200	0.308154
10.966000	0.306689
10.973800	0.305216
10.981600	0.303734
10.989400	0.302244
10.997200	0.300744
11.005000	0.299236
11.012800	0.297720
11.020600	0.296194
11.028400	0.294659
11.036200	0.293115
11.044000	0.291563
11.051800	0.290000
11.059600	0.288429
11.067400	0.286848
11.075200	0.285258
11.083000	0.283658
11.090800	0.282049
11.098600	0.280430
11.106400	0.278801
11.114200	0.277162
11.122000	0.275514
11.129800	0.273855
11.137600	0.272186
11.145400	0.270507
11.153200	0.268818
11.161000	0.267119
11.168800	0.265409
11.176600	0.263688
11.184400	0.261957
11.192200	0.260215
11.200000	0.258463
