0.200000	12.079517
0.219600	11.017558
0.239200	10.130905
0.258800	9.379727
0.278400	8.735412
0.298000	8.176875
0.317600	7.688233
0.337200	7.257299
0.356800	6.874564
0.376400	6.532496
0.396000	6.225059
0.415600	5.947352
0.435200	5.695358
0.454800	5.465753
0.474400	5.255763
0.494000	5.063051
0.513600	4.885641
0.533200	4.721845
0.552800	4.570214
0.572400	4.429500
0.592000	4.298617
0.611600	4.176620
0.631200	4.062682
0.650800	3.956075
0.670400	3.856156
0.690000	3.762354
0.709600	3.674163
0.729200	3.591130
0.748800	3.512851
0.768400	3.438961
0.788000	3.369133
0.807600	3.303071
0.827200	3.240508
0.846800	3.181201
0.866400	3.124928
0.886000	3.071488
0.905600	3.020698
0.925200	2.972389
0.944800	2.926406
0.964400	2.882608
0.984000	2.840864
1.003600	2.801054
1.023200	2.763066
1.042800	2.726799
1.062400	2.692156
1.082000	2.659049
1.101600	2.627397
1.121200	2.597123
1.140800	2.568156
1.160400	2.540430
1.180000	2.513883
1.199600	2.488457
1.219200	2.464098
1.238800	2.440756
1.258400	2.418383
1.278000	2.396934
1.297600	2.376368
1.317200	2.356645
1.336800	2.337728
1.356400	2.319582
1.376000	2.302174
1.395600	2.285473
1.415200	2.269450
1.434800	2.254077
1.454400	2.239327
1.474000	2.225177
1.493600	2.211601
1.513200	2.198578
1.532800	2.186087
1.552400	2.174107
1.572000	2.162620
1.591600	2.151607
1.611200	2.141051
1.630800	2.130935
1.650400	2.121244
1.670000	2.111962
1.689600	2.103076
1.709200	2.094572
1.728800	2.086437
1.748400	2.078658
1.768000	2.071224
1.787600	2.064123
1.807200	2.057345
1.826800	2.050879
1.846400	2.044715
1.866000	2.038843
1.885600	2.033255
1.905200	2.027942
1.924800	2.022895
1.944400	2.018106
1.964000	2.013568
1.983600	2.009273
2.003200	2.005214
2.022800	2.001384
2.042400	1.997777
2.062000	1.994386
2.081600	1.991205
2.101200	1.988228
2.120800	1.985450
2.140400	1.982864
2.160000	1.980467
2.179600	1.978252
2.199200	1.976216
2.218800	1.974352
2.238400	1.972657
2.258000	1.971126
2.277600	1.969756
2.297200	1.968541
2.316800	1.967478
2.336400	1.966563
2.356000	1.965793
2.375600	1.965163
2.395200	1.964671
2.414800	1.964313
2.434400	1.964086
2.454000	1.963986
2.473600	1.964011
2.493200	1.964158
2.512800	1.964423
2.532400	1.964805
2.552000	1.965300
2.571600	1.965906
2.591200	1.966620
2.610800	1.967440
2.630400	1.968363
2.650000	1.969388
2.669600	1.970511
2.689200	1.971732
2.708800	1.973047
2.728400	1.974455
2.748000	1.975953
2.767600	1.977541
2.787200	1.979215
2.806800	1.980974
2.826400	1.982816
2.846000	1.984741
2.865600	1.986744
2.885200	1.988827
2.904800	1.990986
2.924400	1.993220
2.944000	1.995527
2.963600	1.997907
2.983200	2.000358
3.002800	2.002878
3.022400	2.005466
3.042000	2.008121
3.061600	2.010841
3.081200	2.013625
3.100800	2.016473
3.120400	2.019382
3.140000	2.022351
3.159600	2.025381
3.179200	2.028468
3.198800	2.031613
3.218400	2.034814
3.238000	2.038071
3.257600	2.041381
3.277200	2.044745
3.296800	2.048162
3.316400	2.051629
3.336000	2.055148
3.355600	2.058715
3.375200	2.062332
3.394800	2.065996
3.414400	2.069708
3.434000	2.073466
3.453600	2.077269
3.473200	2.081117
3.492800	2.085009
3.512400	2.088944
3.532000	2.092922
3.551600	2.096941
3.571200	2.101002
3.590800	2.105103
3.610400	2.109243
3.630000	2.113423
3.649600	2.117642
3.669200	2.121898
3.688800	2.126192
3.708400	2.130522
3.728000	2.134888
3.747600	2.139290
3.767200	2.143727
3.786800	2.148199
3.806400	2.152704
3.826000	2.157243
3.845600	2.161814
3.865200	2.166418
3.884800	2.171054
3.904400	2.175721
3.924000	2.180420
3.943600	2.185148
3.963200	2.189907
3.982800	2.194695
4.002400	2.199513
4.022000	2.204359
4.041600	2.209233
4.061200	2.214136
4.080800	2.219066
4.100400	2.224023
4.120000	2.229006
4.139600	2.234017
4.159200	2.239053
4.178800	2.244114
4.198400	2.249201
4.218000	2.254313
4.237600	2.259449
4.257200	2.264610
4.276800	2.269794
4.296400	2.275002
4.316000	2.280233
4.335600	2.285487
4.355200	2.290764
4.374800	2.296062
4.394400	2.301383
4.414000	2.306726
4.433600	2.312090
4.453200	2.317475
4.472800	2.322881
4.492400	2.328308
4.512000	2.333755
4.531600	2.339222
4.551200	2.344709
4.570800	2.350215
4.590400	2.355740
4.610000	2.361285
4.629600	2.366848
4.649200	2.372430
4.668800	2.378031
4.688400	2.383649
4.708000	2.389285
4.727600	2.394939
4.747200	2.400611
4.766800	2.406299
4.786400	2.412005
4.806000	2.417727
4.825600	2.423466
4.845200	2.429222
4.864800	2.434993
4.884400	2.440781
4.904000	2.446584
4.923600	2.452403
4.943200	2.458237
4.962800	2.464087
4.982400	2.469952
5.002000	2.475831
5.021600	2.481726
5.041200	2.487635
5.060800	2.493558
5.080400	2.499495
5.100000	2.505447
5.119600	2.511412
5.139200	2.517391
5.158800	2.523384
5.178400	2.529390
5.198000	2.535409
5.217600	2.541442
5.237200	2.547487
5.256800	2.553545
5.276400	2.559616
5.296000	2.565700
5.315600	2.571796
5.335200	2.577904
5.354800	2.584024
5.374400	2.590156
5.394000	2.596300
5.413600	2.602456
5.433200	2.608624
5.452800	2.614803
5.472400	2.620993
5.492000	2.627195
5.511600	2.633407
5.531200	2.639631
5.550800	2.645865
5.570400	2.652111
5.590000	2.658367
5.609600	2.664633
5.629200	2.670910
5.648800	2.677197
5.668400	2.683495
5.688000	2.689802
5.707600	2.696120
5.727200	2.702448
5.746800	2.708785
5.766400	2.715132
5.786000	2.721488
5.805600	2.727855
5.825200	2.734230
5.844800	2.740615
5.864400	2.747009
5.884000	2.753412
5.903600	2.759825
5.923200	2.766246
5.942800	2.772676
5.962400	2.779115
5.982000	2.785562
6.001600	2.792018
6.021200	2.798483
6.040800	2.804956
6.060400	2.811438
6.080000	2.817927
6.099600	2.824425
6.119200	2.830931
6.138800	2.837445
6.158400	2.843967
6.178000	2.850497
6.197600	2.857035
6.217200	2.863580
6.236800	2.870134
6.256400	2.876694
6.276000	2.883263
6.295600	2.889838
6.315200	2.896421
6.334800	2.903012
6.354400	2.909609
6.374000	2.916214
6.393600	2.922826
6.413200	2.929445
6.432800	2.936071
6.452400	2.942704
6.472000	2.949344
6.491600	2.955990
6.511200	2.962643
6.530800	2.969303
6.550400	2.975970
6.570000	2.982643
6.589600	2.989322
6.609200	2.996008
6.628800	3.002701
6.648400	3.009400
6.668000	3.016105
6.687600	3.022816
6.707200	3.029533
6.726800	3.036257
6.746400	3.042986
6.766000	3.049722
6.785600	3.056463
6.805200	3.063210
6.824800	3.069964
6.844400	3.076723
6.864000	3.083487
6.883600	3.090258
6.903200	3.097034
6.922800	3.103815
6.942400	3.110603
6.962000	3.117395
6.981600	3.124194
7.001200	3.130997
7.020800	3.137806
7.040400	3.144620
7.060000	3.151440
7.079600	3.158265
7.099200	3.165095
7.118800	3.171930
7.138400	3.178770
7.158000	3.185615
7.177600	3.192466
7.197200	3.199321
7.216800	3.206181
7.236400	3.213046
7.256000	3.219916
7.275600	3.226791
7.295200	3.233671
7.314800	3.240555
7.334400	3.247444
7.354000	3.254338
7.373600	3.261236
7.393200	3.268139
7.412800	3.275047
7.432400	3.281959
7.452000	3.288875
7.471600	3.295796
7.491200	3.302722
7.510800	3.309651
7.530400	3.316585
7.550000	3.323524
7.569600	3.330467
7.589200	3.337414
7.608800	3.344365
7.628400	3.351320
7.648000	3.358280
7.667600	3.365243
7.687200	3.372211
7.706800	3.379183
7.726400	3.386158
7.746000	3.393138
7.765600	3.400122
7.785200	3.407109
7.804800	3.414101
7.824400	3.421096
7.844000	3.428096
7.863600	3.435099
7.883200	3.442106
7.902800	3.449116
7.922400	3.456131
7.942000	3.463149
7.961600	3.470171
7.981200	3.477196
8.000800	3.484225
8.020400	3.491258
8.040000	3.498294
8.059600	3.505334
8.079200	3.512377
8.098800	3.519424
8.118400	3.526474
8.138000	3.533527
8.157600	3.540584
8.177200	3.547645
8.196800	3.554709
8.216400	3.561776
8.236000	3.568846
8.255600	3.575920
8.275200	3.582997
8.294800	3.590078
8.314400	3.597161
8.334000	3.604248
8.353600	3.611338
8.373200	3.618431
8.392800	3.625527
8.412400	3.632626
8.432000	3.639729
8.451600	3.646834
8.471200	3.653943
8.490800	3.661055
8.510400	3.668169
8.530000	3.675287
8.549600	3.682407
8.569200	3.689531
8.588800	3.696657
8.608400	3.703787
8.628000	3.710919
8.647600	3.718054
8.667200	3.725192
8.686800	3.732333
8.706400	3.739476
8.726000	3.746622
8.745600	3.753772
8.765200	3.760923
8.784800	3.768078
8.804400	3.775235
8.824000	3.782395
8.843600	3.789558
8.863200	3.796724
8.882800	3.803892
8.902400	3.811062
8.922000	3.818236
8.941600	3.825411
8.961200	3.832590
8.980800	3.839771
9.000400	3.846954
9.020000	3.854140
9.039600	3.861329
9.059200	3.868520
9.078800	3.875714
9.098400	3.882910
9.118000	3.890108
9.137600	3.897309
9.157200	3.904512
9.176800	3.911718
9.196400	3.918926
9.216000	3.926136
9.235600	3.933349
9.255200	3.940564
9.274800	3.947782
9.294400	3.955002
9.314000	3.962224
9.333600	3.969448
9.353200	3.976675
9.372800	3.983903
9.392400	3.991134
9.412000	3.998368
9.431600	4.005603
9.451200	4.012841
9.470800	4.020081
9.490400	4.027323
9.510000	4.034567
9.529600	4.041814
9.549200	4.049062
9.568800	4.056313
9.588400	4.063565
9.608000	4.070820
9.627600	4.078077
9.647200	4.085336
9.666800	4.092597
9.686400	4.099860
9.706000	4.107125
9.725600	4.114392
9.745200	4.121661
9.764800	4.128932
9.784400	4.136205
9.804000	4.143480
9.823600	4.150757
9.843200	4.158036
9.862800	4.165317
9.882400	4.172600
9.902000	4.179884
9.921600	4.187171
9.941200	4.194459
9.960800	4.201750
9.980400	4.209042
10.000000	4.216336
