7.300000	0.700606
7.307800	0.699597
7.315600	0.698587
7.323400	0.697579
7.331200	0.696570
7.339000	0.695561
7.346800	0.694553
7.354600	0.693544
7.362400	0.692536
7.370200	0.691528
7.378000	0.690520
7.385800	0.689512
7.393600	0.688505
7.401400	0.687497
7.409200	0.686490
7.417000	0.685482
7.424800	0.684475
7.432600	0.683468
7.440400	0.682461
7.448200	0.681455
7.456000	0.680448
7.463800	0.679442
7.471600	0.678436
7.479400	0.677429
7.487200	0.676423
7.495000	0.675418
7.502800	0.674412
7.510600	0.673407
7.518400	0.672401
7.526200	0.671396
7.534000	0.670391
7.541800	0.669386
7.549600	0.668382
7.557400	0.667377
7.565200	0.666373
7.573000	0.665369
7.580800	0.664364
7.588600	0.663361
7.596400	0.662357
7.604200	0.661353
7.612000	0.660350
7.619800	0.659347
7.627600	0.658344
7.635400	0.657341
7.643200	0.656338
7.651000	0.655336
7.658800	0.654334
7.666600	0.653332
7.674400	0.652330
7.682200	0.651328
7.690000	0.650326
7.697800	0.649325
7.705600	0.648324
7.713400	0.647323
7.721200	0.646322
7.729000	0.645321
7.736800	0.644321
7.744600	0.643321
7.752400	0.642321
7.760200	0.641321
7.768000	0.640321
7.775800	0.639322
7.783600	0.638323
7.791400	0.637324
7.799200	0.636325
7.807000	0.635326
7.814800	0.634328
7.822600	0.633330
7.830400	0.632332
7.838200	0.631334
7.846000	0.630337
7.853800	0.629339
7.861600	0.628342
7.869400	0.627345
7.877200	0.626349
7.885000	0.625352
7.892800	0.624356
7.900600	0.623360
7.908400	0.622365
7.916200	0.621369
7.924000	0.620374
7.931800	0.619379
7.939600	0.618384
7.947400	0.617390
7.955200	0.616395
7.963000	0.615401
7.970800	0.614407
7.978600	0.613414
7.986400	0.612421
7.994200	0.611428
8.002000	0.610435
8.009800	0.609442
8.017600	0.608450
8.025400	0.607458
8.033200	0.606466
8.041000	0.605475
8.048800	0.604483
8.056600	0.603492
8.064400	0.602502
8.072200	0.601511
8.080000	0.600521
8.087800	0.599531
8.095600	0.598542
8.103400	0.597552
8.111200	0.596563
8.119000	0.595575
8.126800	0.594586
8.134600	0.593598
8.142400	0.592610
8.150200	0.591623
8.158000	0.590635
8.165800	0.589648
8.173600	0.588662
8.181400	0.587675
8.189200	0.586689
8.197000	0.585703
8.204800	0.584718
8.212600	0.583733
8.220400	0.582748
8.228200	0.581763
8.236000	0.580779
8.243800	0.579795
8.251600	0.578812
8.259400	0.577829
8.267200	0.576846
8.275000	0.575863
8.282800	0.574881
8.290600	0.573899
8.298400	0.572918
8.306200	0.571936
8.314000	0.570956
8.321800	0.569975
8.329600	0.568995
8.337400	0.568015
8.345200	0.567036
8.353000	0.566057
8.360800	0.565078
8.368600	0.564100
8.376400	0.563122
8.384200	0.562144
8.392000	0.561167
8.399800	0.560190
8.407600	0.559214
8.415400	0.558238
8.423200	0.557262
8.431000	0.556287
8.438800	0.555312
8.446600	0.554337
8.454400	0.553363
8.462200	0.552389
8.470000	0.551416
8.477800	0.550443
8.485600	0.549471
8.493400	0.548499
8.501200	0.547527
8.509000	0.546556
8.516800	0.545585
8.524600	0.544615
8.532400	0.543645
8.540200	0.542675
8.548000	0.541706
8.555800	0.540737
8.563600	0.539769
8.571400	0.538802
8.579200	0.537834
8.587000	0.536867
8.594800	0.535901
8.602600	0.534935
8.610400	0.533970
8.618200	0.533005
8.626000	0.532040
8.633800	0.531076
8.641600	0.530113
8.649400	0.529150
8.657200	0.528187
8.665000	0.527225
8.672800	0.526263
8.680600	0.525302
8.688400	0.524342
8.696200	0.523382
8.704000	0.522422
8.711800	0.521463
8.719600	0.520505
8.727400	0.519547
8.735200	0.518589
8.743000	0.517632
8.750800	0.516676
8.758600	0.515720
8.766400	0.514765
8.774200	0.513810
8.782000	0.512856
8.789800	0.511902
8.797600	0.510949
8.805400	0.509997
8.813200	0.509045
8.821000	0.508093
8.828800	0.507142
8.836600	0.506192
8.844400	0.505243
8.852200	0.504294
8.860000	0.503345
8.867800	0.502397
8.875600	0.501450
8.883400	0.500504
8.891200	0.499558
8.899000	0.498612
8.906800	0.497668
8.914600	0.496723
8.922400	0.495780
8.930200	0.494837
8.938000	0.493895
8.945800	0.492954
8.953600	0.492013
8.961400	0.491072
8.969200	0.490133
8.977000	0.489194
8.984800	0.488256
8.992600	0.487318
9.000400	0.486382
9.008200	0.485445
9.016000	0.484510
9.023800	0.483575
9.031600	0.482641
9.039400	0.481708
9.047200	0.480776
9.055000	0.479844
9.062800	0.478913
9.070600	0.477982
9.078400	0.477053
9.086200	0.476124
9.094000	0.475196
9.101800	0.474268
9.109600	0.473342
9.117400	0.472416
9.125200	0.471491
9.133000	0.470567
9.140800	0.469643
9.148600	0.468721
9.156400	0.467799
9.164200	0.466878
9.172000	0.465957
9.179800	0.465038
9.187600	0.464120
9.195400	0.463202
9.203200	0.462285
9.211000	0.461369
9.218800	0.460454
9.226600	0.459539
9.234400	0.458626
9.242200	0.457713
9.250000	0.456802
9.257800	0.455891
9.265600	0.454981
9.273400	0.454072
9.281200	0.453164
9.289000	0.452257
9.296800	0.451351
9.304600	0.450445
9.312400	0.449541
9.320200	0.448638
9.328000	0.447735
9.335800	0.446834
9.343600	0.445933
9.351400	0.445034
9.359200	0.444135
9.367000	0.443238
9.374800	0.442341
9.382600	0.441446
9.390400	0.440551
9.398200	0.439658
9.406000	0.438765
9.413800	0.437874
9.421600	0.436983
9.429400	0.436094
9.437200	0.435206
9.445000	0.434319
9.452800	0.433433
9.460600	0.432548
9.468400	0.431664
9.476200	0.430781
9.484000	0.429899
9.491800	0.429019
9.499600	0.428139
9.507400	0.427261
9.515200	0.426384
9.523000	0.425508
9.530800	0.424633
9.538600	0.423759
9.546400	0.422887
9.554200	0.422016
9.562000	0.421146
9.569800	0.420277
9.577600	0.419410
9.585400	0.418543
9.593200	0.417678
9.601000	0.416814
9.608800	0.415952
9.616600	0.415090
9.624400	0.414230
9.632200	0.413372
9.640000	0.412514
9.647800	0.411658
9.655600	0.410804
9.663400	0.409950
9.671200	0.409098
9.679000	0.408247
9.686800	0.407398
9.694600	0.406550
9.702400	0.405703
9.710200	0.404858
9.718000	0.404015
9.725800	0.403172
9.733600	0.402331
9.741400	0.401492
9.749200	0.400654
9.757000	0.399817
9.764800	0.398982
9.772600	0.398149
9.780400	0.397317
9.788200	0.396486
9.796000	0.395657
9.803800	0.394830
9.811600	0.394004
9.819400	0.393179
9.827200	0.392356
9.835000	0.391535
9.842800	0.390716
9.850600	0.389898
9.858400	0.389081
9.866200	0.388267
9.874000	0.387453
9.881800	0.386642
9.889600	0.385832
9.897400	0.385024
9.905200	0.384218
9.913000	0.383413
9.920800	0.382610
9.928600	0.381809
9.936400	0.381010
9.944200	0.380212
9.952000	0.379416
9.959800	0.378622
9.967600	0.377830
9.975400	0.377040
9.983200	0.376251
9.991000	0.375464
9.998800	0.374679
10.006600	0.373896
10.014400	0.373115
10.022200	0.372336
10.030000	0.371559
10.037800	0.370784
10.045600	0.370010
10.053400	0.369239
10.061200	0.368470
10.069000	0.367702
10.076800	0.366937
10.084600	0.366174
10.092400	0.365412
10.100200	0.364653
10.108000	0.363896
10.115800	0.363141
10.123600	0.362388
10.131400	0.361638
10.139200	0.360889
10.147000	0.360142
10.154800	0.359398
10.162600	0.358656
10.170400	0.357916
10.178200	0.357179
10.186000	0.356444
10.193800	0.355710
10.201600	0.354980
10.209400	0.354251
10.217200	0.353525
10.225000	0.352801
10.232800	0.352080
10.240600	0.351361
10.248400	0.350644
10.256200	0.349930
10.264000	0.349218
10.271800	0.348509
10.279600	0.347802
10.287400	0.347098
10.295200	0.346396
10.303000	0.345697
10.310800	0.345000
10.318600	0.344306
10.326400	0.343614
10.334200	0.342925
10.342000	0.342239
10.349800	0.341555
10.357600	0.340874
10.365400	0.340196
10.373200	0.339520
10.381000	0.338847
10.388800	0.338177
10.396600	0.337510
10.404400	0.336845
10.412200	0.336184
10.420000	0.335525
10.427800	0.334869
10.435600	0.334216
10.443400	0.333566
10.451200	0.332919
10.459000	0.332274
10.466800	0.331633
10.474600	0.330995
10.482400	0.330360
10.490200	0.329727
10.498000	0.329098
10.505800	0.328472
10.513600	0.327849
10.521400	0.327230
10.529200	0.326613
10.537000	0.326000
10.544800	0.325390
10.552600	0.324783
10.560400	0.324179
10.568200	0.323579
10.576000	0.322982
10.583800	0.322389
10.591600	0.321798
10.599400	0.321212
10.607200	0.320628
10.615000	0.320048
10.622800	0.319472
10.630600	0.318899
10.638400	0.318330
10.646200	0.317764
10.654000	0.317202
10.661800	0.316643
10.669600	0.316089
10.677400	0.315537
10.685200	0.314990
10.693000	0.314446
10.700800	0.313906
10.708600	0.313370
10.716400	0.312838
10.724200	0.312309
10.732000	0.311785
10.739800	0.311264
10.747600	0.310747
10.755400	0.310234
10.763200	0.309726
10.771000	0.309221
10.778800	0.308721
10.786600	0.308224
10.794400	0.307732
10.802200	0.307244
10.810000	0.306760
10.817800	0.306280
10.825600	0.305804
10.833400	0.305333
10.841200	0.304867
10.849000	0.304404
10.856800	0.303946
10.864600	0.303493
10.872400	0.303044
10.880200	0.302599
10.888000	0.302159
10.895800	0.301724
10.903600	0.301293
10.911400	0.300867
10.919200	0.300445
10.927000	0.300028
10.934800	0.299616
10.942600	0.299209
10.950400	0.298807
10.958200	0.298409
10.966000	0.298017
10.973800	0.297629
10.981600	0.297247
10.989400	0.296869
10.997200	0.296497
11.005000	0.296129
11.012800	0.295767
11.020600	0.295410
11.028400	0.295058
11.036200	0.294712
11.044000	0.294371
11.051800	0.294035
11.059600	0.293705
11.067400	0.293380
11.075200	0.293060
11.083000	0.292746
11.090800	0.292438
11.098600	0.292135
11.106400	0.291838
11.114200	0.291546
11.122000	0.291261
11.129800	0.290981
11.137600	0.290707
11.145400	0.290439
11.153200	0.290176
11.161000	0.289920
11.168800	0.289670
11.176600	0.289426
11.184400	0.289188
11.192200	0.288956
11.200000	0.288730
