0.033000	2.023102
0.044934	2.745125
0.056868	3.462072
0.068802	4.173961
0.080736	4.880807
0.092670	5.582626
0.104604	6.279436
0.116538	6.971253
0.128472	7.658093
0.140406	8.339972
0.152340	9.016908
0.164274	9.688916
0.176208	10.356014
0.188142	11.018216
0.200076	11.675541
0.212010	12.328004
0.223944	12.975621
0.235878	13.618410
0.247812	14.256387
0.259746	14.889568
0.271680	15.517969
0.283614	16.141608
0.295548	16.760499
0.307482	17.374661
0.319416	17.984109
0.331350	18.588860
0.343284	19.188931
0.355218	19.784337
0.367152	20.375095
0.379086	20.961222
0.391020	21.542734
0.402954	22.119647
0.414888	22.691978
0.426822	23.259744
0.438756	23.822961
0.450690	24.381645
0.462624	24.935813
0.474558	25.485480
0.486492	26.030665
0.498426	26.571383
0.510360	27.107650
0.522294	27.639483
0.534228	28.166899
0.546162	28.689914
0.558096	29.208544
0.570030	29.722805
0.581964	30.232716
0.593898	30.738290
0.605832	31.239546
0.617766	31.736500
0.629700	32.229167
0.641634	32.717565
0.653568	33.201710
0.665502	33.681618
0.677436	34.157307
0.689370	34.628791
0.701304	35.096088
0.713238	35.559215
0.725172	36.018187
0.737106	36.473021
0.749040	36.923733
0.760974	37.370341
0.772908	37.812860
0.784842	38.251307
0.796776	38.685698
0.808710	39.116050
0.820644	39.542379
0.832578	39.964702
0.844512	40.383035
0.856446	40.797395
0.868380	41.207797
0.880314	41.614259
0.892248	42.016797
0.904182	42.415428
0.916116	42.810167
0.928050	43.201031
0.939984	43.588037
0.951918	43.971201
0.963852	44.350540
0.975786	44.726070
0.987720	45.097808
0.999654	45.465769
1.011588	45.829971
1.023522	46.190429
1.035456	46.547161
1.047390	46.900183
1.059324	47.249511
1.071258	47.595161
1.083192	47.937151
1.095126	48.275496
1.107060	48.610213
1.118994	48.941318
1.130928	49.268829
1.142862	49.592760
1.154796	49.913130
1.166730	50.229954
1.178664	50.543248
1.190598	50.853030
1.202532	51.159315
1.214466	51.462120
1.226400	51.761461
1.238334	52.057356
1.250268	52.349820
1.262202	52.638870
1.274136	52.924522
1.286070	53.206792
1.298004	53.485698
1.309938	53.761256
1.321872	54.033481
1.333806	54.302391
1.345740	54.568002
1.357674	54.830331
1.369608	55.089393
1.381542	55.345205
1.393476	55.597785
1.405410	55.847147
1.417344	56.093309
1.429278	56.336288
1.441212	56.576098
1.453146	56.812758
1.465080	57.046284
1.477014	57.276691
1.488948	57.503996
1.500882	57.728216
1.512816	57.949368
1.524750	58.167467
1.536684	58.382531
1.548618	58.594574
1.560552	58.803615
1.572486	59.009670
1.584420	59.212754
1.596354	59.412885
1.608288	59.610078
1.620222	59.804351
1.632156	59.995720
1.644090	60.184201
1.656024	60.369810
1.667958	60.552564
1.679892	60.732480
1.691826	60.909574
1.703760	61.083863
1.715694	61.255362
1.727628	61.424088
1.739562	61.590059
1.751496	61.753289
1.763430	61.913796
1.775364	62.071596
1.787298	62.226706
1.799232	62.379142
1.811166	62.528920
1.823100	62.676057
1.835034	62.820570
1.846968	62.962474
1.858902	63.101787
1.870836	63.238524
1.882770	63.372702
1.894704	63.504338
1.906638	63.633448
1.918572	63.760049
1.930506	63.884156
1.942440	64.005787
1.954374	64.124958
1.966308	64.241685
1.978242	64.355984
1.990176	64.467873
2.002110	64.577368
2.014044	64.684484
2.025978	64.789239
2.037912	64.891650
2.049846	64.991731
2.061780	65.089500
2.073714	65.184974
2.085648	65.278169
2.097582	65.369100
2.109516	65.457786
2.121450	65.544241
2.133384	65.628483
2.145318	65.710528
2.157252	65.790393
2.169186	65.868093
2.181120	65.943646
2.193054	66.017067
2.204988	66.088374
2.216922	66.157583
2.228856	66.224709
2.240790	66.289771
2.252724	66.352783
2.264658	66.413763
2.276592	66.472727
2.288526	66.529691
2.300460	66.584672
2.312394	66.637686
2.324328	66.688750
2.336262	66.737881
2.348196	66.785093
2.360130	66.830405
2.372064	66.873833
2.383998	66.915392
2.395932	66.955100
2.407866	66.992973
2.419800	67.029027
2.431734	67.063279
2.443668	67.095745
2.455602	67.126442
2.467536	67.155386
2.479470	67.182594
2.491404	67.208081
2.503338	67.231865
2.515272	67.253962
2.527206	67.274388
2.539140	67.293161
2.551074	67.310295
2.563008	67.325808
2.574942	67.339716
2.586876	67.352036
2.598810	67.362784
2.610744	67.371977
2.622678	67.379630
2.634612	67.385761
2.646546	67.390385
2.658480	67.393520
2.670414	67.395182
2.682348	67.395387
2.694282	67.394151
2.706216	67.391492
2.718150	67.387425
2.730084	67.381967
2.742018	67.375135
2.753952	67.366945
2.765886	67.357412
2.777820	67.346555
2.789754	67.334389
2.801688	67.320930
2.813622	67.306196
2.825556	67.290202
2.837490	67.272966
2.849424	67.254502
2.861358	67.234829
2.873292	67.213962
2.885226	67.191918
2.897160	67.168713
2.909094	67.144364
2.921028	67.118887
2.932962	67.092299
2.944896	67.064616
2.956830	67.035854
2.968764	67.006030
2.980698	66.975161
2.992632	66.943262
3.004566	66.910351
3.016500	66.876444
3.028434	66.841557
3.040368	66.805706
3.052302	66.768909
3.064236	66.731181
3.076170	66.692539
3.088104	66.652999
3.100038	66.612579
3.111972	66.571294
3.123906	66.529160
3.135840	66.486195
3.147774	66.442415
3.159708	66.397835
3.171642	66.352473
3.183576	66.306346
3.195510	66.259469
3.207444	66.211858
3.219378	66.163531
3.231312	66.114504
3.243246	66.064794
3.255180	66.014416
3.267114	65.963387
3.279048	65.911723
3.290982	65.859442
3.302916	65.806560
3.314850	65.753092
3.326784	65.699056
3.338718	65.644467
3.350652	65.589343
3.362586	65.533700
3.374520	65.477554
3.386454	65.420922
3.398388	65.363819
3.410322	65.306264
3.422256	65.248271
3.434190	65.189858
3.446124	65.131040
3.458058	65.071835
3.469992	65.012259
3.481926	64.952328
3.493860	64.892059
3.505794	64.831468
3.517728	64.770571
3.529662	64.709386
3.541596	64.647928
3.553530	64.586214
3.565464	64.524260
3.577398	64.462084
3.589332	64.399700
3.601266	64.337127
3.613200	64.274379
3.625134	64.211474
3.637068	64.148428
3.649002	64.085258
3.660936	64.021980
3.672870	63.958610
3.684804	63.895165
3.696738	63.831661
3.708672	63.768115
3.720606	63.704544
3.732540	63.640963
3.744474	63.577389
3.756408	63.513839
3.768342	63.450328
3.780276	63.386874
3.792210	63.323494
3.804144	63.260202
3.816078	63.197016
3.828012	63.133953
3.839946	63.071028
3.851880	63.008259
3.863814	62.945661
3.875748	62.883251
3.887682	62.821045
3.899616	62.759061
3.911550	62.697314
3.923484	62.635821
3.935418	62.574598
3.947352	62.513662
3.959286	62.453029
3.971220	62.392715
3.983154	62.332738
3.995088	62.273113
4.007022	62.213858
4.018956	62.154988
4.030890	62.096519
4.042824	62.038469
4.054758	61.980854
4.066692	61.923690
4.078626	61.866994
4.090560	61.810781
4.102494	61.755070
4.114428	61.699875
4.126362	61.645214
4.138296	61.591103
4.150230	61.537558
4.162164	61.484596
4.174098	61.432234
4.186032	61.380487
4.197966	61.329372
4.209900	61.278906
4.221834	61.229104
4.233768	61.179985
4.245702	61.131563
4.257636	61.083856
4.269570	61.036880
4.281504	60.990650
4.293438	60.945185
4.305372	60.900500
4.317306	60.856612
4.329240	60.813536
4.341174	60.771290
4.353108	60.729891
4.365042	60.689353
4.376976	60.649695
4.388910	60.610932
4.400844	60.573080
4.412778	60.536157
4.424712	60.500179
4.436646	60.465162
4.448580	60.431122
4.460514	60.398076
4.472448	60.366041
4.484382	60.335033
4.496316	60.305068
4.508250	60.276163
4.520184	60.248334
4.532118	60.221598
4.544052	60.195972
4.555986	60.171471
4.567920	60.148111
4.579854	60.125911
4.591788	60.104885
4.603722	60.085051
4.615656	60.066425
4.627590	60.049023
4.639524	60.032861
4.651458	60.017957
4.663392	60.004327
4.675326	59.991987
4.687260	59.980953
4.699194	59.971242
4.711128	59.962871
4.723062	59.955856
4.734996	59.950213
4.746930	59.945959
4.758864	59.943110
4.770798	59.941683
4.782732	59.941694
4.794666	59.943159
4.806600	59.946096
4.818534	59.950520
4.830468	59.956448
4.842402	59.963896
4.854336	59.972882
4.866270	59.983420
4.878204	59.995528
4.890138	60.009223
4.902072	60.024520
4.914006	60.041436
4.925940	60.059988
4.937874	60.080192
4.949808	60.102064
4.961742	60.125621
4.973676	60.150879
4.985610	60.177855
4.997544	60.206565
5.009478	60.237026
5.021412	60.269254
5.033346	60.303266
5.045280	60.339078
5.057214	60.376706
5.069148	60.416167
5.081082	60.457478
5.093016	60.500654
5.104950	60.545712
5.116884	60.592670
5.128818	60.641542
5.140752	60.692346
5.152686	60.745098
5.164620	60.799815
5.176554	60.856512
5.188488	60.915207
5.200422	60.975916
5.212356	61.038655
5.224290	61.103441
5.236224	61.170290
5.248158	61.239218
5.260092	61.310243
5.272026	61.383380
5.283960	61.458646
5.295894	61.536058
5.307828	61.615632
5.319762	61.697384
5.331696	61.781330
5.343630	61.867488
5.355564	61.955874
5.367498	62.046504
5.379432	62.139394
5.391366	62.234561
5.403300	62.332022
5.415234	62.431793
5.427168	62.533890
5.439102	62.638330
5.451036	62.745129
5.462970	62.854304
5.474904	62.965871
5.486838	63.079847
5.498772	63.196247
5.510706	63.315090
5.522640	63.436390
5.534574	63.560165
5.546508	63.686430
5.558442	63.815203
5.570376	63.946500
5.582310	64.080336
5.594244	64.216730
5.606178	64.355696
5.618112	64.497252
5.630046	64.641414
5.641980	64.788199
5.653914	64.937622
5.665848	65.089701
5.677782	65.244452
5.689716	65.401890
5.701650	65.562034
5.713584	65.724898
5.725518	65.890501
5.737452	66.058857
5.749386	66.229984
5.761320	66.403897
5.773254	66.580614
5.785188	66.760151
5.797122	66.942524
5.809056	67.127750
5.820990	67.315845
5.832924	67.506826
5.844858	67.700709
5.856792	67.897510
5.868726	68.097246
5.880660	68.299934
5.892594	68.505589
5.904528	68.714229
5.916462	68.925870
5.928396	69.140527
5.940330	69.358219
5.952264	69.578960
5.964198	69.802769
5.976132	70.029660
5.988066	70.259650
6.000000	70.492757
