0.033000	0.163241
0.044934	0.168919
0.056868	0.175757
0.068802	0.183745
0.080736	0.192874
0.092670	0.203135
0.104604	0.214521
0.116538	0.227021
0.128472	0.240628
0.140406	0.255332
0.152340	0.271125
0.164274	0.287998
0.176208	0.305942
0.188142	0.324949
0.200076	0.345010
0.212010	0.366115
0.223944	0.388257
0.235878	0.411426
0.247812	0.435615
0.259746	0.460813
0.271680	0.487013
0.283614	0.514205
0.295548	0.542381
0.307482	0.571533
0.319416	0.601651
0.331350	0.632727
0.343284	0.664752
0.355218	0.697717
0.367152	0.731614
0.379086	0.766434
0.391020	0.802169
0.402954	0.838809
0.414888	0.876347
0.426822	0.914773
0.438756	0.954078
0.450690	0.994255
0.462624	1.035294
0.474558	1.077187
0.486492	1.119924
0.498426	1.163499
0.510360	1.207901
0.522294	1.253123
0.534228	1.299155
0.546162	1.345989
0.558096	1.393616
0.570030	1.442029
0.581964	1.491217
0.593898	1.541173
0.605832	1.591888
0.617766	1.643354
0.629700	1.695561
0.641634	1.748502
0.653568	1.802167
0.665502	1.856549
0.677436	1.911638
0.689370	1.967426
0.701304	2.023905
0.713238	2.081066
0.725172	2.138900
0.737106	2.197399
0.749040	2.256555
0.760974	2.316358
0.772908	2.376801
0.784842	2.437875
0.796776	2.499571
0.808710	2.561881
0.820644	2.624796
0.832578	2.688309
0.844512	2.752410
0.856446	2.817091
0.868380	2.882344
0.880314	2.948160
0.892248	3.014531
0.904182	3.081448
0.916116	3.148903
0.928050	3.216888
0.939984	3.285394
0.951918	3.354412
0.963852	3.423935
0.975786	3.493954
0.987720	3.564460
0.999654	3.635445
1.011588	3.706902
1.023522	3.778821
1.035456	3.851194
1.047390	3.924013
1.059324	3.997270
1.071258	4.070955
1.083192	4.145062
1.095126	4.219582
1.107060	4.294505
1.118994	4.369825
1.130928	4.445533
1.142862	4.521620
1.154796	4.598079
1.166730	4.674901
1.178664	4.752077
1.190598	4.829601
1.202532	4.907462
1.214466	4.985654
1.226400	5.064169
1.238334	5.142997
1.250268	5.222130
1.262202	5.301562
1.274136	5.381283
1.286070	5.461285
1.298004	5.541560
1.309938	5.622101
1.321872	5.702898
1.333806	5.783944
1.345740	5.865232
1.357674	5.946752
1.369608	6.028497
1.381542	6.110458
1.393476	6.192628
1.405410	6.274999
1.417344	6.357563
1.429278	6.440311
1.441212	6.523236
1.453146	6.606329
1.465080	6.689584
1.477014	6.772991
1.488948	6.856543
1.500882	6.940233
1.512816	7.024051
1.524750	7.107991
1.536684	7.192044
1.548618	7.276202
1.560552	7.360459
1.572486	7.444805
1.584420	7.529233
1.596354	7.613736
1.608288	7.698305
1.620222	7.782933
1.632156	7.867612
1.644090	7.952334
1.656024	8.037092
1.667958	8.121877
1.679892	8.206683
1.691826	8.291501
1.703760	8.376324
1.715694	8.461145
1.727628	8.545955
1.739562	8.630747
1.751496	8.715513
1.763430	8.800247
1.775364	8.884940
1.787298	8.969584
1.799232	9.054173
1.811166	9.138699
1.823100	9.223154
1.835034	9.307531
1.846968	9.391822
1.858902	9.476020
1.870836	9.560118
1.882770	9.644109
1.894704	9.727984
1.906638	9.811737
1.918572	9.895360
1.930506	9.978847
1.942440	10.062189
1.954374	10.145379
1.966308	10.228411
1.978242	10.311277
1.990176	10.393969
2.002110	10.476482
2.014044	10.558807
2.025978	10.640937
2.037912	10.722866
2.049846	10.804587
2.061780	10.886091
2.073714	10.967373
2.085648	11.048425
2.097582	11.129240
2.109516	11.209812
2.121450	11.290133
2.133384	11.370197
2.145318	11.449996
2.157252	11.529524
2.169186	11.608774
2.181120	11.687740
2.193054	11.766414
2.204988	11.844790
2.216922	11.922860
2.228856	12.000620
2.240790	12.078060
2.252724	12.155176
2.264658	12.231961
2.276592	12.308407
2.288526	12.384509
2.300460	12.460260
2.312394	12.535654
2.324328	12.610683
2.336262	12.685342
2.348196	12.759624
2.360130	12.833523
2.372064	12.907033
2.383998	12.980147
2.395932	13.052860
2.407866	13.125164
2.419800	13.197053
2.431734	13.268523
2.443668	13.339566
2.455602	13.410176
2.467536	13.480348
2.479470	13.550075
2.491404	13.619351
2.503338	13.688171
2.515272	13.756528
2.527206	13.824418
2.539140	13.891833
2.551074	13.958768
2.563008	14.025218
2.574942	14.091176
2.586876	14.156638
2.598810	14.221597
2.610744	14.286048
2.622678	14.349986
2.634612	14.413404
2.646546	14.476298
2.658480	14.538662
2.670414	14.600491
2.682348	14.661779
2.694282	14.722522
2.706216	14.782713
2.718150	14.842348
2.730084	14.901422
2.742018	14.959929
2.753952	15.017865
2.765886	15.075225
2.777820	15.132003
2.789754	15.188195
2.801688	15.243796
2.813622	15.298800
2.825556	15.353205
2.837490	15.407004
2.849424	15.460193
2.861358	15.512768
2.873292	15.564723
2.885226	15.616056
2.897160	15.666760
2.909094	15.716832
2.921028	15.766268
2.932962	15.815063
2.944896	15.863213
2.956830	15.910714
2.968764	15.957562
2.980698	16.003752
2.992632	16.049282
3.004566	16.094147
3.016500	16.138343
3.028434	16.181866
3.040368	16.224713
3.052302	16.266881
3.064236	16.308364
3.076170	16.349161
3.088104	16.389268
3.100038	16.428681
3.111972	16.467397
3.123906	16.505413
3.135840	16.542725
3.147774	16.579331
3.159708	16.615227
3.171642	16.650411
3.183576	16.684880
3.195510	16.718631
3.207444	16.751661
3.219378	16.783967
3.231312	16.815547
3.243246	16.846399
3.255180	16.876520
3.267114	16.905908
3.279048	16.934560
3.290982	16.962475
3.302916	16.989650
3.314850	17.016083
3.326784	17.041773
3.338718	17.066717
3.350652	17.090913
3.362586	17.114362
3.374520	17.137059
3.386454	17.159005
3.398388	17.180197
3.410322	17.200635
3.422256	17.220317
3.434190	17.239242
3.446124	17.257409
3.458058	17.274818
3.469992	17.291467
3.481926	17.307355
3.493860	17.322483
3.505794	17.336849
3.517728	17.350453
3.529662	17.363295
3.541596	17.375375
3.553530	17.386692
3.565464	17.397247
3.577398	17.407039
3.589332	17.416070
3.601266	17.424338
3.613200	17.431845
3.625134	17.438592
3.637068	17.444578
3.649002	17.449805
3.660936	17.454274
3.672870	17.457985
3.684804	17.460941
3.696738	17.463141
3.708672	17.464588
3.720606	17.465283
3.732540	17.465228
3.744474	17.464424
3.756408	17.462874
3.768342	17.460579
3.780276	17.457542
3.792210	17.453765
3.804144	17.449251
3.816078	17.444001
3.828012	17.438020
3.839946	17.431308
3.851880	17.423871
3.863814	17.415711
3.875748	17.406830
3.887682	17.397233
3.899616	17.386924
3.911550	17.375905
3.923484	17.364182
3.935418	17.351757
3.947352	17.338636
3.959286	17.324822
3.971220	17.310320
3.983154	17.295135
3.995088	17.279272
4.007022	17.262736
4.018956	17.245532
4.030890	17.227665
4.042824	17.209141
4.054758	17.189966
4.066692	17.170145
4.078626	17.149685
4.090560	17.128592
4.102494	17.106872
4.114428	17.084533
4.126362	17.061580
4.138296	17.038021
4.150230	17.013864
4.162164	16.989115
4.174098	16.963782
4.186032	16.937873
4.197966	16.911396
4.209900	16.884359
4.221834	16.856771
4.233768	16.828640
4.245702	16.799976
4.257636	16.770786
4.269570	16.741081
4.281504	16.710870
4.293438	16.680163
4.305372	16.648969
4.317306	16.617299
4.329240	16.585163
4.341174	16.552572
4.353108	16.519537
4.365042	16.486069
4.376976	16.452179
4.388910	16.417878
4.400844	16.383180
4.412778	16.348095
4.424712	16.312636
4.436646	16.276816
4.448580	16.240648
4.460514	16.204144
4.472448	16.167319
4.484382	16.130186
4.496316	16.092758
4.508250	16.055050
4.520184	16.017077
4.532118	15.978853
4.544052	15.940393
4.555986	15.901714
4.567920	15.862829
4.579854	15.823756
4.591788	15.784511
4.603722	15.745110
4.615656	15.705569
4.627590	15.665907
4.639524	15.626141
4.651458	15.586288
4.663392	15.546367
4.675326	15.506395
4.687260	15.466393
4.699194	15.426379
4.711128	15.386372
4.723062	15.346392
4.734996	15.306460
4.746930	15.266596
4.758864	15.226820
4.770798	15.187155
4.782732	15.147621
4.794666	15.108240
4.806600	15.069035
4.818534	15.030029
4.830468	14.991245
4.842402	14.952705
4.854336	14.914434
4.866270	14.876457
4.878204	14.838797
4.890138	14.801480
4.902072	14.764532
4.914006	14.727977
4.925940	14.691843
4.937874	14.656157
4.949808	14.620944
4.961742	14.586234
4.973676	14.552053
4.985610	14.518431
4.997544	14.485396
5.009478	14.452978
5.021412	14.421206
5.033346	14.390112
5.045280	14.359725
5.057214	14.330076
5.069148	14.301199
5.081082	14.273124
5.093016	14.245885
5.104950	14.219514
5.116884	14.194046
5.128818	14.169515
5.140752	14.145956
5.152686	14.123403
5.164620	14.101893
5.176554	14.081461
5.188488	14.062146
5.200422	14.043984
5.212356	14.027014
5.224290	14.011273
5.236224	13.996802
5.248158	13.983639
5.260092	13.971826
5.272026	13.961403
5.283960	13.952411
5.295894	13.944894
5.307828	13.938892
5.319762	13.934451
5.331696	13.931613
5.343630	13.930424
5.355564	13.930928
5.367498	13.933172
5.379432	13.937202
5.391366	13.943066
5.403300	13.950811
5.415234	13.960486
5.427168	13.972140
5.439102	13.985824
5.451036	14.001588
5.462970	14.019483
5.474904	14.039561
5.486838	14.061876
5.498772	14.086481
5.510706	14.113431
5.522640	14.142780
5.534574	14.174585
5.546508	14.208902
5.558442	14.245789
5.570376	14.285304
5.582310	14.327505
5.594244	14.372454
5.606178	14.420211
5.618112	14.470837
5.630046	14.524394
5.641980	14.580947
5.653914	14.640559
5.665848	14.703295
5.677782	14.769221
5.689716	14.838405
5.701650	14.910913
5.713584	14.986814
5.725518	15.066178
5.737452	15.149076
5.749386	15.235578
5.761320	15.325758
5.773254	15.419689
5.785188	15.517445
5.797122	15.619102
5.809056	15.724736
5.820990	15.834424
5.832924	15.948246
5.844858	16.066280
5.856792	16.188608
5.868726	16.315310
5.880660	16.446470
5.892594	16.582172
5.904528	16.722501
5.916462	16.867542
5.928396	17.017383
5.940330	17.172113
5.952264	17.331821
5.964198	17.496598
5.976132	17.666535
5.988066	17.841727
6.000000	18.022267
