0.033000	60.271429
0.044934	60.271429
0.056868	60.271429
0.068802	60.271429
0.080736	60.271429
0.092670	60.271429
0.104604	60.271429
0.116538	60.271429
0.128472	60.271429
0.140406	60.271429
0.152340	60.271429
0.164274	60.271429
0.176208	60.271429
0.188142	60.271429
0.200076	60.271429
0.212010	60.271429
0.223944	60.271429
0.235878	60.271429
0.247812	60.271429
0.259746	60.271429
0.271680	60.271429
0.283614	60.271429
0.295548	60.271429
0.307482	60.271429
0.319416	60.271429
0.331350	60.271429
0.343284	60.271429
0.355218	60.271429
0.367152	60.271429
0.379086	60.271429
0.391020	60.271429
0.402954	60.271429
0.414888	60.271429
0.426822	60.271429
0.438756	60.271429
0.450690	60.271429
0.462624	60.271429
0.474558	60.271429
0.486492	60.271429
0.498426	60.271429
0.510360	60.271429
0.522294	60.271429
0.534228	60.271429
0.546162	60.271429
0.558096	60.271429
0.570030	60.271429
0.581964	60.271429
0.593898	60.271429
0.605832	60.271429
0.617766	60.271429
0.629700	60.271429
0.641634	60.271429
0.653568	60.271429
0.665502	60.271429
0.677436	60.271429
0.689370	60.271429
0.701304	60.271429
0.713238	60.271429
0.725172	60.271429
0.737106	60.271429
0.749040	60.271429
0.760974	60.271429
0.772908	60.271429
0.784842	60.271429
0.796776	60.271429
0.808710	60.271429
0.820644	60.271429
0.832578	60.271429
0.844512	60.271429
0.856446	60.271429
0.868380	60.271429
0.880314	60.271429
0.892248	60.271429
0.904182	60.271429
0.916116	60.271429
0.928050	60.271429
0.939984	60.271429
0.951918	60.271429
0.963852	60.271429
0.975786	60.271429
0.987720	60.271429
0.999654	60.271429
1.011588	60.271429
1.023522	60.271429
1.035456	60.271429
1.047390	60.271429
1.059324	60.271429
1.071258	60.271429
1.083192	60.271429
1.095126	60.271429
1.107060	60.271429
1.118994	60.271429
1.130928	60.271429
1.142862	60.271429
1.154796	60.271429
1.166730	60.271429
1.178664	60.271429
1.190598	60.271429
1.202532	60.271429
1.214466	60.271429
1.226400	60.271429
1.238334	60.271429
1.250268	60.271429
1.262202	60.271429
1.274136	60.271429
1.286070	60.271429
1.298004	60.271429
1.309938	60.271429
1.321872	60.271429
1.333806	60.271429
1.345740	60.271429
1.357674	60.271429
1.369608	60.271429
1.381542	60.271429
1.393476	60.271429
1.405410	60.271429
1.417344	60.271429
1.429278	60.271429
1.441212	60.271429
1.453146	60.271429
1.465080	60.271429
1.477014	60.271429
1.488948	60.271429
1.500882	60.271429
1.512816	60.271429
1.524750	60.271429
1.536684	60.271429
1.548618	60.271429
1.560552	60.271429
1.572486	60.271429
1.584420	60.271429
1.596354	60.271429
1.608288	60.271429
1.620222	60.271429
1.632156	60.271429
1.644090	60.271429
1.656024	60.271429
1.667958	60.271429
1.679892	60.271429
1.691826	60.271429
1.703760	60.271429
1.715694	60.271429
1.727628	60.271429
1.739562	60.271429
1.751496	60.271429
1.763430	60.271429
1.775364	60.271429
1.787298	60.271429
1.799232	60.271429
1.811166	60.271429
1.823100	60.271429
1.835034	60.271429
1.846968	60.271429
1.858902	60.271429
1.870836	60.271429
1.882770	60.271429
1.894704	60.271429
1.906638	60.271429
1.918572	60.271429
1.930506	60.271429
1.942440	60.271429
1.954374	60.271429
1.966308	60.271429
1.978242	60.271429
1.990176	60.271429
2.002110	60.271429
2.014044	60.271429
2.025978	60.271429
2.037912	60.271429
2.049846	60.271429
2.061780	60.271429
2.073714	60.271429
2.085648	60.271429
2.097582	60.271429
2.109516	60.271429
2.121450	60.271429
2.133384	60.271429
2.145318	60.271429
2.157252	60.271429
2.169186	60.271429
2.181120	60.271429
2.193054	60.271429
2.204988	60.271429
2.216922	60.271429
2.228856	60.271429
2.240790	60.271429
2.252724	60.271429
2.264658	60.271429
2.276592	60.271429
2.288526	60.271429
2.300460	60.271429
2.312394	60.271429
2.324328	60.271429
2.336262	60.271429
2.348196	60.271429
2.360130	60.271429
2.372064	60.271429
2.383998	60.271429
2.395932	60.271429
2.407866	60.271429
2.419800	60.271429
2.431734	60.271429
2.443668	60.271429
2.455602	60.271429
2.467536	60.271429
2.479470	60.271429
2.491404	60.271429
2.503338	60.271429
2.515272	60.271429
2.527206	60.271429
2.539140	60.271429
2.551074	60.271429
2.563008	60.271429
2.574942	60.271429
2.586876	60.271429
2.598810	60.271429
2.610744	60.271429
2.622678	60.271429
2.634612	60.271429
2.646546	60.271429
2.658480	60.271429
2.670414	60.271429
2.682348	60.271429
2.694282	60.271429
2.706216	60.271429
2.718150	60.271429
2.730084	60.271429
2.742018	60.271429
2.753952	60.271429
2.765886	60.271429
2.777820	60.271429
2.789754	60.271429
2.801688	60.271429
2.813622	60.271429
2.825556	60.271429
2.837490	60.271429
2.849424	60.271429
2.861358	60.271429
2.873292	60.271429
2.885226	60.271429
2.897160	60.271429
2.909094	60.271429
2.921028	60.271429
2.932962	60.271429
2.944896	60.271429
2.956830	60.271429
2.968764	60.271429
2.980698	60.271429
2.992632	60.271429
3.004566	60.271429
3.016500	60.271429
3.028434	60.271429
3.040368	60.271429
3.052302	60.271429
3.064236	60.271429
3.076170	60.271429
3.088104	60.271429
3.100038	60.271429
3.111972	60.271429
3.123906	60.271429
3.135840	60.271429
3.147774	60.271429
3.159708	60.271429
3.171642	60.271429
3.183576	60.271429
3.195510	60.271429
3.207444	60.271429
3.219378	60.271429
3.231312	60.271429
3.243246	60.271429
3.255180	60.271429
3.267114	60.271429
3.279048	60.271429
3.290982	60.271429
3.302916	60.271429
3.314850	60.271429
3.326784	60.271429
3.338718	60.271429
3.350652	60.271429
3.362586	60.271429
3.374520	60.271429
3.386454	60.271429
3.398388	60.271429
3.410322	60.271429
3.422256	60.271429
3.434190	60.271429
3.446124	60.271429
3.458058	60.271429
3.469992	60.271429
3.481926	60.271429
3.493860	60.271429
3.505794	60.271429
3.517728	60.271429
3.529662	60.271429
3.541596	60.271429
3.553530	60.271429
3.565464	60.271429
3.577398	60.271429
3.589332	60.271429
3.601266	60.271429
3.613200	60.271429
3.625134	60.271429
3.637068	60.271429
3.649002	60.271429
3.660936	60.271429
3.672870	60.271429
3.684804	60.271429
3.696738	60.271429
3.708672	60.271429
3.720606	60.271429
3.732540	60.271429
3.744474	60.271429
3.756408	60.271429
3.768342	60.271429
3.780276	60.271429
3.792210	60.271429
3.804144	60.271429
3.816078	60.271429
3.828012	60.271429
3.839946	60.271429
3.851880	60.271429
3.863814	60.271429
3.875748	60.271429
3.887682	60.271429
3.899616	60.271429
3.911550	60.271429
3.923484	60.271429
3.935418	60.271429
3.947352	60.271429
3.959286	60.271429
3.971220	60.271429
3.983154	60.271429
3.995088	60.271429
4.007022	60.271429
4.018956	60.271429
4.030890	60.271429
4.042824	60.271429
4.054758	60.271429
4.066692	60.271429
4.078626	60.271429
4.090560	60.271429
4.102494	60.271429
4.114428	60.271429
4.126362	60.271429
4.138296	60.271429
4.150230	60.271429
4.162164	60.271429
4.174098	60.271429
4.186032	60.271429
4.197966	60.271429
4.209900	60.271429
4.221834	60.271429
4.233768	60.271429
4.245702	60.271429
4.257636	60.271429
4.269570	60.271429
4.281504	60.271429
4.293438	60.271429
4.305372	60.271429
4.317306	60.271429
4.329240	60.271429
4.341174	60.271429
4.353108	60.271429
4.365042	60.271429
4.376976	60.271429
4.388910	60.271429
4.400844	60.271429
4.412778	60.271429
4.424712	60.271429
4.436646	60.271429
4.448580	60.271429
4.460514	60.271429
4.472448	60.271429
4.484382	60.271429
4.496316	60.271429
4.508250	60.271429
4.520184	60.271429
4.532118	60.271429
4.544052	60.271429
4.555986	60.271429
4.567920	60.271429
4.579854	60.271429
4.591788	60.271429
4.603722	60.271429
4.615656	60.271429
4.627590	60.271429
4.639524	60.271429
4.651458	60.271429
4.663392	60.271429
4.675326	60.271429
4.687260	60.271429
4.699194	60.271429
4.711128	60.271429
4.723062	60.271429
4.734996	60.271429
4.746930	60.271429
4.758864	60.271429
4.770798	60.271429
4.782732	60.271429
4.794666	60.271429
4.806600	60.271429
4.818534	60.271429
4.830468	60.271429
4.842402	60.271429
4.854336	60.271429
4.866270	60.271429
4.878204	60.271429
4.890138	60.271429
4.902072	60.271429
4.914006	60.271429
4.925940	60.271429
4.937874	60.271429
4.949808	60.271429
4.961742	60.271429
4.973676	60.271429
4.985610	60.271429
4.997544	60.271429
5.009478	60.271429
5.021412	60.271429
5.033346	60.271429
5.045280	60.271429
5.057214	60.271429
5.069148	60.271429
5.081082	60.271429
5.093016	60.271429
5.104950	60.271429
5.116884	60.271429
5.128818	60.271429
5.140752	60.271429
5.152686	60.271429
5.164620	60.271429
5.176554	60.271429
5.188488	60.271429
5.200422	60.271429
5.212356	60.271429
5.224290	60.271429
5.236224	60.271429
5.248158	60.271429
5.260092	60.271429
5.272026	60.271429
5.283960	60.271429
5.295894	60.271429
5.307828	60.271429
5.319762	60.271429
5.331696	60.271429
5.343630	60.271429
5.355564	60.271429
5.367498	60.271429
5.379432	60.271429
5.391366	60.271429
5.403300	60.271429
5.415234	60.271429
5.427168	60.271429
5.439102	60.271429
5.451036	60.271429
5.462970	60.271429
5.474904	60.271429
5.486838	60.271429
5.498772	60.271429
5.510706	60.271429
5.522640	60.271429
5.534574	60.271429
5.546508	60.271429
5.558442	60.271429
5.570376	60.271429
5.582310	60.271429
5.594244	60.271429
5.606178	60.271429
5.618112	60.271429
5.630046	60.271429
5.641980	60.271429
5.653914	60.271429
5.665848	60.271429
5.677782	60.271429
5.689716	60.271429
5.701650	60.271429
5.713584	60.271429
5.725518	60.271429
5.737452	60.271429
5.749386	60.271429
5.761320	60.271429
5.773254	60.271429
5.785188	60.271429
5.797122	60.271429
5.809056	60.271429
5.820990	60.271429
5.832924	60.271429
5.844858	60.271429
5.856792	60.271429
5.868726	60.271429
5.880660	60.271429
5.892594	60.271429
5.904528	60.271429
5.916462	60.271429
5.928396	60.271429
5.940330	60.271429
5.952264	60.271429
5.964198	60.271429
5.976132	60.271429
5.988066	60.271429
6.000000	60.271429
