7.300000	0.683788
7.307800	0.683107
7.315600	0.682427
7.323400	0.681745
7.331200	0.681063
7.339000	0.680380
7.346800	0.679696
7.354600	0.679011
7.362400	0.678326
7.370200	0.677640
7.378000	0.676954
7.385800	0.676266
7.393600	0.675578
7.401400	0.674889
7.409200	0.674200
7.417000	0.673509
7.424800	0.672818
7.432600	0.672127
7.440400	0.671434
7.448200	0.670741
7.456000	0.670047
7.463800	0.669352
7.471600	0.668657
7.479400	0.667961
7.487200	0.667264
7.495000	0.666566
7.502800	0.665868
7.510600	0.665169
7.518400	0.664469
7.526200	0.663769
7.534000	0.663068
7.541800	0.662366
7.549600	0.661663
7.557400	0.660960
7.565200	0.660256
7.573000	0.659551
7.580800	0.658845
7.588600	0.658139
7.596400	0.657432
7.604200	0.656724
7.612000	0.656016
7.619800	0.655306
7.627600	0.654597
7.635400	0.653886
7.643200	0.653175
7.651000	0.652462
7.658800	0.651750
7.666600	0.651036
7.674400	0.650322
7.682200	0.649607
7.690000	0.648891
7.697800	0.648175
7.705600	0.647457
7.713400	0.646740
7.721200	0.646021
7.729000	0.645302
7.736800	0.644582
7.744600	0.643861
7.752400	0.643139
7.760200	0.642417
7.768000	0.641694
7.775800	0.640970
7.783600	0.640246
7.791400	0.639521
7.799200	0.638795
7.807000	0.638068
7.814800	0.637341
7.822600	0.636613
7.830400	0.635884
7.838200	0.635154
7.846000	0.634424
7.853800	0.633693
7.861600	0.632961
7.869400	0.632229
7.877200	0.631496
7.885000	0.630762
7.892800	0.630027
7.900600	0.629292
7.908400	0.628556
7.916200	0.627819
7.924000	0.627082
7.931800	0.626343
7.939600	0.625604
7.947400	0.624865
7.955200	0.624124
7.963000	0.623383
7.970800	0.622641
7.978600	0.621899
7.986400	0.621155
7.994200	0.620411
8.002000	0.619667
8.009800	0.618921
8.017600	0.618175
8.025400	0.617428
8.033200	0.616680
8.041000	0.615932
8.048800	0.615183
8.056600	0.614433
8.064400	0.613682
8.072200	0.612931
8.080000	0.612179
8.087800	0.611426
8.095600	0.610673
8.103400	0.609918
8.111200	0.609163
8.119000	0.608408
8.126800	0.607651
8.134600	0.606894
8.142400	0.606136
8.150200	0.605378
8.158000	0.604618
8.165800	0.603858
8.173600	0.603098
8.181400	0.602336
8.189200	0.601574
8.197000	0.600811
8.204800	0.600047
8.212600	0.599283
8.220400	0.598518
8.228200	0.597752
8.236000	0.596985
8.243800	0.596218
8.251600	0.595450
8.259400	0.594681
8.267200	0.593912
8.275000	0.593142
8.282800	0.592371
8.290600	0.591599
8.298400	0.590827
8.306200	0.590054
8.314000	0.589280
8.321800	0.588505
8.329600	0.587730
8.337400	0.586954
8.345200	0.586177
8.353000	0.585400
8.360800	0.584622
8.368600	0.583843
8.376400	0.583063
8.384200	0.582283
8.392000	0.581502
8.399800	0.580720
8.407600	0.579937
8.415400	0.579154
8.423200	0.578370
8.431000	0.577585
8.438800	0.576800
8.446600	0.576013
8.454400	0.575227
8.462200	0.574439
8.470000	0.573651
8.477800	0.572862
8.485600	0.572072
8.493400	0.571281
8.501200	0.570490
8.509000	0.569698
8.516800	0.568905
8.524600	0.568112
8.532400	0.567318
8.540200	0.566523
8.548000	0.565727
8.555800	0.564931
8.563600	0.564134
8.571400	0.563336
8.579200	0.562537
8.587000	0.561738
8.594800	0.560938
8.602600	0.560137
8.610400	0.559336
8.618200	0.558534
8.626000	0.557731
8.633800	0.556927
8.641600	0.556123
8.649400	0.555318
8.657200	0.554512
8.665000	0.553706
8.672800	0.552898
8.680600	0.552090
8.688400	0.551282
8.696200	0.550472
8.704000	0.549662
8.711800	0.548851
8.719600	0.548040
8.727400	0.547227
8.735200	0.546414
8.743000	0.545600
8.750800	0.544786
8.758600	0.543971
8.766400	0.543155
8.774200	0.542338
8.782000	0.541521
8.789800	0.540703
8.797600	0.539884
8.805400	0.539064
8.813200	0.538244
8.821000	0.537423
8.828800	0.536601
8.836600	0.535778
8.844400	0.534955
8.852200	0.534131
8.860000	0.533307
8.867800	0.532481
8.875600	0.531655
8.883400	0.530828
8.891200	0.530001
8.899000	0.529172
8.906800	0.528343
8.914600	0.527514
8.922400	0.526683
8.930200	0.525852
8.938000	0.525020
8.945800	0.524187
8.953600	0.523354
8.961400	0.522520
8.969200	0.521685
8.977000	0.520849
8.984800	0.520013
8.992600	0.519176
9.000400	0.518338
9.008200	0.517500
9.016000	0.516661
9.023800	0.515821
9.031600	0.514980
9.039400	0.514139
9.047200	0.513296
9.055000	0.512454
9.062800	0.511610
9.070600	0.510766
9.078400	0.509921
9.086200	0.509075
9.094000	0.508229
9.101800	0.507381
9.109600	0.506533
9.117400	0.505685
9.125200	0.504835
9.133000	0.503985
9.140800	0.503135
9.148600	0.502283
9.156400	0.501431
9.164200	0.500578
9.172000	0.499724
9.179800	0.498870
9.187600	0.498014
9.195400	0.497158
9.203200	0.496302
9.211000	0.495444
9.218800	0.494586
9.226600	0.493728
9.234400	0.492868
9.242200	0.492008
9.250000	0.491147
9.257800	0.490285
9.265600	0.489423
9.273400	0.488559
9.281200	0.487696
9.289000	0.486831
9.296800	0.485966
9.304600	0.485099
9.312400	0.484233
9.320200	0.483365
9.328000	0.482497
9.335800	0.481628
9.343600	0.480758
9.351400	0.479888
9.359200	0.479017
9.367000	0.478145
9.374800	0.477272
9.382600	0.476399
9.390400	0.475525
9.398200	0.474650
9.406000	0.473774
9.413800	0.472898
9.421600	0.472021
9.429400	0.471143
9.437200	0.470265
9.445000	0.469386
9.452800	0.468506
9.460600	0.467625
9.468400	0.466744
9.476200	0.465862
9.484000	0.464979
9.491800	0.464096
9.499600	0.463212
9.507400	0.462327
9.515200	0.461441
9.523000	0.460554
9.530800	0.459667
9.538600	0.458779
9.546400	0.457891
9.554200	0.457002
9.562000	0.456112
9.569800	0.455221
9.577600	0.454329
9.585400	0.453437
9.593200	0.452544
9.601000	0.451650
9.608800	0.450756
9.616600	0.449861
9.624400	0.448965
9.632200	0.448068
9.640000	0.447171
9.647800	0.446273
9.655600	0.445374
9.663400	0.444475
9.671200	0.443575
9.679000	0.442674
9.686800	0.441772
9.694600	0.440870
9.702400	0.439966
9.710200	0.439063
9.718000	0.438158
9.725800	0.437253
9.733600	0.436347
9.741400	0.435440
9.749200	0.434533
9.757000	0.433624
9.764800	0.432715
9.772600	0.431806
9.780400	0.430895
9.788200	0.429984
9.796000	0.429072
9.803800	0.428160
9.811600	0.427247
9.819400	0.426333
9.827200	0.425418
9.835000	0.424502
9.842800	0.423586
9.850600	0.422669
9.858400	0.421752
9.866200	0.420833
9.874000	0.419914
9.881800	0.418994
9.889600	0.418074
9.897400	0.417152
9.905200	0.416230
9.913000	0.415308
9.920800	0.414384
9.928600	0.413460
9.936400	0.412535
9.944200	0.411610
9.952000	0.410683
9.959800	0.409756
9.967600	0.408828
9.975400	0.407900
9.983200	0.406970
9.991000	0.406040
9.998800	0.405110
10.006600	0.404178
10.014400	0.403246
10.022200	0.402313
10.030000	0.401380
10.037800	0.400445
10.045600	0.399510
10.053400	0.398574
10.061200	0.397638
10.069000	0.396701
10.076800	0.395763
10.084600	0.394824
10.092400	0.393884
10.100200	0.392944
10.108000	0.392003
10.115800	0.391062
10.123600	0.390119
10.131400	0.389176
10.139200	0.388233
10.147000	0.387288
10.154800	0.386343
10.162600	0.385397
10.170400	0.384450
10.178200	0.383503
10.186000	0.382555
10.193800	0.381606
10.201600	0.380656
10.209400	0.379706
10.217200	0.378755
10.225000	0.377803
10.232800	0.376850
10.240600	0.375897
10.248400	0.374943
10.256200	0.373989
10.264000	0.373033
10.271800	0.372077
10.279600	0.371120
10.287400	0.370163
10.295200	0.369204
10.303000	0.368245
10.310800	0.367285
10.318600	0.366325
10.326400	0.365364
10.334200	0.364402
10.342000	0.363439
10.349800	0.362476
10.357600	0.361511
10.365400	0.360547
10.373200	0.359581
10.381000	0.358615
10.388800	0.357648
10.396600	0.356680
10.404400	0.355711
10.412200	0.354742
10.420000	0.353772
10.427800	0.352802
10.435600	0.351830
10.443400	0.350858
10.451200	0.349885
10.459000	0.348912
10.466800	0.347937
10.474600	0.346962
10.482400	0.345987
10.490200	0.345010
10.498000	0.344033
10.505800	0.343055
10.513600	0.342076
10.521400	0.341097
10.529200	0.340117
10.537000	0.339136
10.544800	0.338154
10.552600	0.337172
10.560400	0.336189
10.568200	0.335205
10.576000	0.334221
10.583800	0.333236
10.591600	0.332250
10.599400	0.331263
10.607200	0.330276
10.615000	0.329288
10.622800	0.328299
10.630600	0.327309
10.638400	0.326319
10.646200	0.325328
10.654000	0.324336
10.661800	0.323344
10.669600	0.322351
10.677400	0.321357
10.685200	0.320362
10.693000	0.319367
10.700800	0.318371
10.708600	0.317374
10.716400	0.316376
10.724200	0.315378
10.732000	0.314379
10.739800	0.313379
10.747600	0.312379
10.755400	0.311378
10.763200	0.310376
10.771000	0.309373
10.778800	0.308370
10.786600	0.307366
10.794400	0.306361
10.802200	0.305355
10.810000	0.304349
10.817800	0.303342
10.825600	0.302334
10.833400	0.301326
10.841200	0.300317
10.849000	0.299307
10.856800	0.298296
10.864600	0.297285
10.872400	0.296273
10.880200	0.295260
10.888000	0.294247
10.895800	0.293232
10.903600	0.292217
10.911400	0.291202
10.919200	0.290185
10.927000	0.289168
10.934800	0.288150
10.942600	0.287132
10.950400	0.286112
10.958200	0.285092
10.966000	0.284071
10.973800	0.283050
10.981600	0.282028
10.989400	0.281005
10.997200	0.279981
11.005000	0.278957
11.012800	0.277931
11.020600	0.276906
11.028400	0.275879
11.036200	0.274852
11.044000	0.273824
11.051800	0.272795
11.059600	0.271765
11.067400	0.270735
11.075200	0.269704
11.083000	0.268673
11.090800	0.267640
11.098600	0.266607
11.106400	0.265573
11.114200	0.264539
11.122000	0.263503
11.129800	0.262467
11.137600	0.261430
11.145400	0.260393
11.153200	0.259355
11.161000	0.258316
11.168800	0.257276
11.176600	0.256236
11.184400	0.255195
11.192200	0.254153
11.200000	0.253110
