0.033000	10.958054
0.044934	10.958056
0.056868	10.958060
0.068802	10.958065
0.080736	10.958073
0.092670	10.958083
0.104604	10.958096
0.116538	10.958112
0.128472	10.958132
0.140406	10.958156
0.152340	10.958185
0.164274	10.958218
0.176208	10.958256
0.188142	10.958301
0.200076	10.958351
0.212010	10.958407
0.223944	10.958471
0.235878	10.958541
0.247812	10.958619
0.259746	10.958705
0.271680	10.958799
0.283614	10.958901
0.295548	10.959013
0.307482	10.959134
0.319416	10.959265
0.331350	10.959405
0.343284	10.959557
0.355218	10.959719
0.367152	10.959893
0.379086	10.960078
0.391020	10.960276
0.402954	10.960485
0.414888	10.960708
0.426822	10.960944
0.438756	10.961193
0.450690	10.961456
0.462624	10.961734
0.474558	10.962026
0.486492	10.962333
0.498426	10.962656
0.510360	10.962995
0.522294	10.963350
0.534228	10.963721
0.546162	10.964109
0.558096	10.964515
0.570030	10.964938
0.581964	10.965380
0.593898	10.965840
0.605832	10.966319
0.617766	10.966817
0.629700	10.967335
0.641634	10.967873
0.653568	10.968431
0.665502	10.969010
0.677436	10.969610
0.689370	10.970232
0.701304	10.970875
0.713238	10.971541
0.725172	10.972229
0.737106	10.972941
0.749040	10.973676
0.760974	10.974434
0.772908	10.975217
0.784842	10.976025
0.796776	10.976857
0.808710	10.977715
0.820644	10.978598
0.832578	10.979507
0.844512	10.980443
0.856446	10.981406
0.868380	10.982396
0.880314	10.983413
0.892248	10.984459
0.904182	10.985532
0.916116	10.986635
0.928050	10.987766
0.939984	10.988927
0.951918	10.990118
0.963852	10.991340
0.975786	10.992591
0.987720	10.993874
0.999654	10.995188
1.011588	10.996534
1.023522	10.997912
1.035456	10.999323
1.047390	11.000766
1.059324	11.002243
1.071258	11.003753
1.083192	11.005298
1.095126	11.006877
1.107060	11.008490
1.118994	11.010139
1.130928	11.011823
1.142862	11.013543
1.154796	11.015300
1.166730	11.017093
1.178664	11.018924
1.190598	11.020791
1.202532	11.022697
1.214466	11.024641
1.226400	11.026623
1.238334	11.028644
1.250268	11.030705
1.262202	11.032805
1.274136	11.034946
1.286070	11.037126
1.298004	11.039348
1.309938	11.041611
1.321872	11.043916
1.333806	11.046262
1.345740	11.048651
1.357674	11.051083
1.369608	11.053558
1.381542	11.056076
1.393476	11.058638
1.405410	11.061245
1.417344	11.063896
1.429278	11.066592
1.441212	11.069334
1.453146	11.072121
1.465080	11.074955
1.477014	11.077835
1.488948	11.080762
1.500882	11.083736
1.512816	11.086758
1.524750	11.089828
1.536684	11.092946
1.548618	11.096114
1.560552	11.099330
1.572486	11.102596
1.584420	11.105912
1.596354	11.109278
1.608288	11.112695
1.620222	11.116163
1.632156	11.119683
1.644090	11.123254
1.656024	11.126878
1.667958	11.130554
1.679892	11.134283
1.691826	11.138066
1.703760	11.141902
1.715694	11.145793
1.727628	11.149738
1.739562	11.153737
1.751496	11.157793
1.763430	11.161903
1.775364	11.166070
1.787298	11.170293
1.799232	11.174573
1.811166	11.178910
1.823100	11.183305
1.835034	11.187757
1.846968	11.192268
1.858902	11.196837
1.870836	11.201466
1.882770	11.206154
1.894704	11.210902
1.906638	11.215710
1.918572	11.220578
1.930506	11.225508
1.942440	11.230498
1.954374	11.235551
1.966308	11.240665
1.978242	11.245842
1.990176	11.251082
2.002110	11.256385
2.014044	11.261752
2.025978	11.267183
2.037912	11.272678
2.049846	11.278237
2.061780	11.283862
2.073714	11.289553
2.085648	11.295309
2.097582	11.301131
2.109516	11.307021
2.121450	11.312977
2.133384	11.319000
2.145318	11.325091
2.157252	11.331251
2.169186	11.337479
2.181120	11.343776
2.193054	11.350142
2.204988	11.356578
2.216922	11.363084
2.228856	11.369660
2.240790	11.376307
2.252724	11.383025
2.264658	11.389815
2.276592	11.396677
2.288526	11.403611
2.300460	11.410618
2.312394	11.417697
2.324328	11.424851
2.336262	11.432078
2.348196	11.439379
2.360130	11.446755
2.372064	11.454206
2.383998	11.461732
2.395932	11.469334
2.407866	11.477013
2.419800	11.484767
2.431734	11.492599
2.443668	11.500507
2.455602	11.508494
2.467536	11.516558
2.479470	11.524701
2.491404	11.532922
2.503338	11.541223
2.515272	11.549603
2.527206	11.558063
2.539140	11.566603
2.551074	11.575224
2.563008	11.583926
2.574942	11.592710
2.586876	11.601575
2.598810	11.610522
2.610744	11.619552
2.622678	11.628665
2.634612	11.637861
2.646546	11.647141
2.658480	11.656505
2.670414	11.665954
2.682348	11.675487
2.694282	11.685105
2.706216	11.694809
2.718150	11.704599
2.730084	11.714476
2.742018	11.724439
2.753952	11.734489
2.765886	11.744627
2.777820	11.754852
2.789754	11.765166
2.801688	11.775568
2.813622	11.786060
2.825556	11.796640
2.837490	11.807311
2.849424	11.818071
2.861358	11.828923
2.873292	11.839865
2.885226	11.850898
2.897160	11.862023
2.909094	11.873240
2.921028	11.884549
2.932962	11.895951
2.944896	11.907447
2.956830	11.919036
2.968764	11.930719
2.980698	11.942496
2.992632	11.954367
3.004566	11.966334
3.016500	11.978397
3.028434	11.990555
3.040368	12.002809
3.052302	12.015160
3.064236	12.027608
3.076170	12.040153
3.088104	12.052796
3.100038	12.065537
3.111972	12.078377
3.123906	12.091315
3.135840	12.104353
3.147774	12.117490
3.159708	12.130727
3.171642	12.144065
3.183576	12.157503
3.195510	12.171042
3.207444	12.184683
3.219378	12.198426
3.231312	12.212271
3.243246	12.226219
3.255180	12.240270
3.267114	12.254424
3.279048	12.268682
3.290982	12.283044
3.302916	12.297511
3.314850	12.312083
3.326784	12.326759
3.338718	12.341542
3.350652	12.356431
3.362586	12.371426
3.374520	12.386528
3.386454	12.401737
3.398388	12.417053
3.410322	12.432478
3.422256	12.448011
3.434190	12.463652
3.446124	12.479403
3.458058	12.495263
3.469992	12.511233
3.481926	12.527314
3.493860	12.543505
3.505794	12.559806
3.517728	12.576220
3.529662	12.592745
3.541596	12.609382
3.553530	12.626131
3.565464	12.642994
3.577398	12.659970
3.589332	12.677059
3.601266	12.694262
3.613200	12.711580
3.625134	12.729013
3.637068	12.746560
3.649002	12.764224
3.660936	12.782003
3.672870	12.799898
3.684804	12.817910
3.696738	12.836040
3.708672	12.854286
3.720606	12.872651
3.732540	12.891133
3.744474	12.909734
3.756408	12.928455
3.768342	12.947294
3.780276	12.966253
3.792210	12.985332
3.804144	13.004532
3.816078	13.023853
3.828012	13.043294
3.839946	13.062858
3.851880	13.082543
3.863814	13.102351
3.875748	13.122281
3.887682	13.142335
3.899616	13.162512
3.911550	13.182813
3.923484	13.203238
3.935418	13.223788
3.947352	13.244463
3.959286	13.265263
3.971220	13.286189
3.983154	13.307241
3.995088	13.328420
4.007022	13.349725
4.018956	13.371158
4.030890	13.392719
4.042824	13.414407
4.054758	13.436224
4.066692	13.458170
4.078626	13.480245
4.090560	13.502449
4.102494	13.524784
4.114428	13.547249
4.126362	13.569844
4.138296	13.592571
4.150230	13.615429
4.162164	13.638419
4.174098	13.661541
4.186032	13.684795
4.197966	13.708183
4.209900	13.731704
4.221834	13.755359
4.233768	13.779148
4.245702	13.803071
4.257636	13.827129
4.269570	13.851323
4.281504	13.875652
4.293438	13.900117
4.305372	13.924718
4.317306	13.949456
4.329240	13.974332
4.341174	13.999345
4.353108	14.024495
4.365042	14.049784
4.376976	14.075212
4.388910	14.100779
4.400844	14.126485
4.412778	14.152331
4.424712	14.178317
4.436646	14.204444
4.448580	14.230711
4.460514	14.257120
4.472448	14.283671
4.484382	14.310364
4.496316	14.337199
4.508250	14.364177
4.520184	14.391298
4.532118	14.418563
4.544052	14.445972
4.555986	14.473525
4.567920	14.501223
4.579854	14.529066
4.591788	14.557054
4.603722	14.585188
4.615656	14.613469
4.627590	14.641896
4.639524	14.670470
4.651458	14.699191
4.663392	14.728061
4.675326	14.757078
4.687260	14.786244
4.699194	14.815559
4.711128	14.845023
4.723062	14.874637
4.734996	14.904400
4.746930	14.934315
4.758864	14.964380
4.770798	14.994596
4.782732	15.024963
4.794666	15.055483
4.806600	15.086155
4.818534	15.116980
4.830468	15.147957
4.842402	15.179088
4.854336	15.210373
4.866270	15.241812
4.878204	15.273406
4.890138	15.305155
4.902072	15.337059
4.914006	15.369119
4.925940	15.401334
4.937874	15.433707
4.949808	15.466236
4.961742	15.498922
4.973676	15.531766
4.985610	15.564768
4.997544	15.597929
5.009478	15.631248
5.021412	15.664726
5.033346	15.698364
5.045280	15.732162
5.057214	15.766119
5.069148	15.800238
5.081082	15.834518
5.093016	15.868959
5.104950	15.903561
5.116884	15.938326
5.128818	15.973254
5.140752	16.008344
5.152686	16.043598
5.164620	16.079015
5.176554	16.114597
5.188488	16.150343
5.200422	16.186253
5.212356	16.222329
5.224290	16.258571
5.236224	16.294978
5.248158	16.331552
5.260092	16.368292
5.272026	16.405200
5.283960	16.442275
5.295894	16.479518
5.307828	16.516929
5.319762	16.554509
5.331696	16.592257
5.343630	16.630176
5.355564	16.668263
5.367498	16.706521
5.379432	16.744950
5.391366	16.783549
5.403300	16.822320
5.415234	16.861262
5.427168	16.900376
5.439102	16.939663
5.451036	16.979122
5.462970	17.018755
5.474904	17.058561
5.486838	17.098541
5.498772	17.138695
5.510706	17.179024
5.522640	17.219528
5.534574	17.260208
5.546508	17.301063
5.558442	17.342095
5.570376	17.383303
5.582310	17.424688
5.594244	17.466250
5.606178	17.507990
5.618112	17.549908
5.630046	17.592005
5.641980	17.634280
5.653914	17.676735
5.665848	17.719369
5.677782	17.762183
5.689716	17.805178
5.701650	17.848353
5.713584	17.891709
5.725518	17.935247
5.737452	17.978967
5.749386	18.022869
5.761320	18.066954
5.773254	18.111222
5.785188	18.155673
5.797122	18.200308
5.809056	18.245127
5.820990	18.290130
5.832924	18.335319
5.844858	18.380692
5.856792	18.426252
5.868726	18.471997
5.880660	18.517929
5.892594	18.564048
5.904528	18.610354
5.916462	18.656847
5.928396	18.703528
5.940330	18.750398
5.952264	18.797457
5.964198	18.844704
5.976132	18.892141
5.988066	18.939768
6.000000	18.987585
