242.000000	24.002406
242.516000	24.005872
243.032000	24.009353
243.548000	24.012849
244.064000	24.016359
244.580000	24.019884
245.096000	24.023425
245.612000	24.026980
246.128000	24.030550
246.644000	24.034135
247.160000	24.037736
247.676000	24.041351
248.192000	24.044981
248.708000	24.048627
249.224000	24.052288
249.740000	24.055963
250.256000	24.059655
250.772000	24.063361
251.288000	24.067083
251.804000	24.070819
252.320000	24.074572
252.836000	24.078339
253.352000	24.082123
253.868000	24.085921
254.384000	24.089735
254.900000	24.093565
255.416000	24.097410
255.932000	24.101270
256.448000	24.105146
256.964000	24.109038
257.480000	24.112946
257.996000	24.116869
258.512000	24.120808
259.028000	24.124763
259.544000	24.128733
260.060000	24.132719
260.576000	24.136721
261.092000	24.140739
261.608000	24.144773
262.124000	24.148823
262.640000	24.152889
263.156000	24.156971
263.672000	24.161069
264.188000	24.165183
264.704000	24.169313
265.220000	24.173459
265.736000	24.177621
266.252000	24.181800
266.768000	24.185995
267.284000	24.190206
267.800000	24.194433
268.316000	24.198677
268.832000	24.202937
269.348000	24.207213
269.864000	24.211506
270.380000	24.215815
270.896000	24.220141
271.412000	24.224483
271.928000	24.228842
272.444000	24.233217
272.960000	24.237609
273.476000	24.242018
273.992000	24.246443
274.508000	24.250885
275.024000	24.255344
275.540000	24.259819
276.056000	24.264312
276.572000	24.268821
277.088000	24.273347
277.604000	24.277890
278.120000	24.282449
278.636000	24.287026
279.152000	24.291620
279.668000	24.296230
280.184000	24.300858
280.700000	24.305503
281.216000	24.310165
281.732000	24.314844
282.248000	24.319540
282.764000	24.324254
283.280000	24.328984
283.796000	24.333732
284.312000	24.338497
284.828000	24.343280
285.344000	24.348080
285.860000	24.352897
286.376000	24.357732
286.892000	24.362584
287.408000	24.367454
287.924000	24.372341
288.440000	24.377246
288.956000	24.382168
289.472000	24.387108
289.988000	24.392066
290.504000	24.397041
291.020000	24.402034
291.536000	24.407045
292.052000	24.412073
292.568000	24.417119
293.084000	24.422183
293.600000	24.427265
294.116000	24.432365
294.632000	24.437483
295.148000	24.442619
295.664000	24.447772
296.180000	24.452944
296.696000	24.458134
297.212000	24.463342
297.728000	24.468568
298.244000	24.473812
298.760000	24.479074
299.276000	24.484355
299.792000	24.489654
300.308000	24.494971
300.824000	24.500306
301.340000	24.505660
301.856000	24.511032
302.372000	24.516422
302.888000	24.521831
303.404000	24.527258
303.920000	24.532704
304.436000	24.538168
304.952000	24.543651
305.468000	24.549153
305.984000	24.554673
306.500000	24.560212
307.016000	24.565769
307.532000	24.571345
308.048000	24.576940
308.564000	24.582554
309.080000	24.588186
309.596000	24.593838
310.112000	24.599508
310.628000	24.605197
311.144000	24.610905
311.660000	24.616632
312.176000	24.622378
312.692000	24.628143
313.208000	24.633927
313.724000	24.639730
314.240000	24.645552
314.756000	24.651394
315.272000	24.657254
315.788000	24.663134
316.304000	24.669033
316.820000	24.674952
317.336000	24.680889
317.852000	24.686846
318.368000	24.692823
318.884000	24.698818
319.400000	24.704834
319.916000	24.710868
320.432000	24.716922
320.948000	24.722996
321.464000	24.729089
321.980000	24.735202
322.496000	24.741335
323.012000	24.747487
323.528000	24.753659
324.044000	24.759850
324.560000	24.766062
325.076000	24.772293
325.592000	24.778543
326.108000	24.784814
326.624000	24.791105
327.140000	24.797415
327.656000	24.803746
328.172000	24.810096
328.688000	24.816467
329.204000	24.822857
329.720000	24.829268
330.236000	24.835698
330.752000	24.842149
331.268000	24.848620
331.784000	24.855111
332.300000	24.861622
332.816000	24.868154
333.332000	24.874706
333.848000	24.881278
334.364000	24.887870
334.880000	24.894483
335.396000	24.901117
335.912000	24.907770
336.428000	24.914445
336.944000	24.921139
337.460000	24.927855
337.976000	24.934590
338.492000	24.941347
339.008000	24.948124
339.524000	24.954922
340.040000	24.961740
340.556000	24.968579
341.072000	24.975439
341.588000	24.982320
342.104000	24.989221
342.620000	24.996144
343.136000	25.003087
343.652000	25.010051
344.168000	25.017036
344.684000	25.024042
345.200000	25.031069
345.716000	25.038117
346.232000	25.045187
346.748000	25.052277
347.264000	25.059388
347.780000	25.066521
348.296000	25.073675
348.812000	25.080850
349.328000	25.088046
349.844000	25.095263
350.360000	25.102502
350.876000	25.109763
351.392000	25.117044
351.908000	25.124347
352.424000	25.131672
352.940000	25.139018
353.456000	25.146385
353.972000	25.153774
354.488000	25.161185
355.004000	25.168617
355.520000	25.176071
356.036000	25.183546
356.552000	25.191044
357.068000	25.198563
357.584000	25.206103
358.100000	25.213666
358.616000	25.221250
359.132000	25.228856
359.648000	25.236484
360.164000	25.244134
360.680000	25.251806
361.196000	25.259500
361.712000	25.267216
362.228000	25.274954
362.744000	25.282714
363.260000	25.290496
363.776000	25.298301
364.292000	25.306127
364.808000	25.313976
365.324000	25.321847
365.840000	25.329740
366.356000	25.337655
366.872000	25.345593
367.388000	25.353553
367.904000	25.361536
368.420000	25.369541
368.936000	25.377568
369.452000	25.385618
369.968000	25.393691
370.484000	25.401786
371.000000	25.409903
371.516000	25.418043
372.032000	25.426206
372.548000	25.434392
373.064000	25.442600
373.580000	25.450831
374.096000	25.459085
374.612000	25.467361
375.128000	25.475661
375.644000	25.483983
376.160000	25.492328
376.676000	25.500696
377.192000	25.509087
377.708000	25.517501
378.224000	25.525938
378.740000	25.534398
379.256000	25.542881
379.772000	25.551387
380.288000	25.559917
380.804000	25.568469
381.320000	25.577045
381.836000	25.585644
382.352000	25.594266
382.868000	25.602912
383.384000	25.611581
383.900000	25.620273
384.416000	25.628989
384.932000	25.637728
385.448000	25.646491
385.964000	25.655277
386.480000	25.664086
386.996000	25.672919
387.512000	25.681776
388.028000	25.690657
388.544000	25.699561
389.060000	25.708488
389.576000	25.717440
390.092000	25.726415
390.608000	25.735414
391.124000	25.744437
391.640000	25.753483
392.156000	25.762554
392.672000	25.771648
393.188000	25.780766
393.704000	25.789908
394.220000	25.799075
394.736000	25.808265
395.252000	25.817479
395.768000	25.826718
396.284000	25.835980
396.800000	25.845267
397.316000	25.854578
397.832000	25.863913
398.348000	25.873272
398.864000	25.882656
399.380000	25.892064
399.896000	25.901496
400.412000	25.910953
400.928000	25.920434
401.444000	25.929939
401.960000	25.939469
402.476000	25.949024
402.992000	25.958603
403.508000	25.968206
404.024000	25.977834
404.540000	25.987487
405.056000	25.997164
405.572000	26.006867
406.088000	26.016593
406.604000	26.026345
407.120000	26.036121
407.636000	26.045922
408.152000	26.055748
408.668000	26.065599
409.184000	26.075475
409.700000	26.085376
410.216000	26.095302
410.732000	26.105252
411.248000	26.115228
411.764000	26.125229
412.280000	26.135255
412.796000	26.145306
413.312000	26.155382
413.828000	26.165483
414.344000	26.175610
414.860000	26.185762
415.376000	26.195939
415.892000	26.206141
416.408000	26.216369
416.924000	26.226622
417.440000	26.236901
417.956000	26.247205
418.472000	26.257535
418.988000	26.267890
419.504000	26.278270
420.020000	26.288676
420.536000	26.299108
421.052000	26.309565
421.568000	26.320048
422.084000	26.330557
422.600000	26.341091
423.116000	26.351652
423.632000	26.362238
424.148000	26.372849
424.664000	26.383487
425.180000	26.394151
425.696000	26.404840
426.212000	26.415555
426.728000	26.426297
427.244000	26.437064
427.760000	26.447858
428.276000	26.458677
428.792000	26.469523
429.308000	26.480394
429.824000	26.491292
430.340000	26.502216
430.856000	26.513167
431.372000	26.524143
431.888000	26.535146
432.404000	26.546175
432.920000	26.557231
433.436000	26.568313
433.952000	26.579421
434.468000	26.590556
434.984000	26.601717
435.500000	26.612905
436.016000	26.624119
436.532000	26.635360
437.048000	26.646628
437.564000	26.657922
438.080000	26.669243
438.596000	26.680590
439.112000	26.691964
439.628000	26.703365
440.144000	26.714793
440.660000	26.726248
441.176000	26.737729
441.692000	26.749238
442.208000	26.760773
442.724000	26.772335
443.240000	26.783925
443.756000	26.795541
444.272000	26.807184
444.788000	26.818854
445.304000	26.830552
445.820000	26.842277
446.336000	26.854028
446.852000	26.865807
447.368000	26.877614
447.884000	26.889447
448.400000	26.901308
448.916000	26.913196
449.432000	26.925112
449.948000	26.937054
450.464000	26.949025
450.980000	26.961022
451.496000	26.973048
452.012000	26.985100
452.528000	26.997181
453.044000	27.009289
453.560000	27.021424
454.076000	27.033587
454.592000	27.045778
455.108000	27.057997
455.624000	27.070243
456.140000	27.082517
456.656000	27.094819
457.172000	27.107148
457.688000	27.119506
458.204000	27.131891
458.720000	27.144305
459.236000	27.156746
459.752000	27.169215
460.268000	27.181713
460.784000	27.194238
461.300000	27.206792
461.816000	27.219373
462.332000	27.231983
462.848000	27.244621
463.364000	27.257287
463.880000	27.269981
464.396000	27.282704
464.912000	27.295455
465.428000	27.308234
465.944000	27.321042
466.460000	27.333878
466.976000	27.346742
467.492000	27.359635
468.008000	27.372557
468.524000	27.385507
469.040000	27.398485
469.556000	27.411492
470.072000	27.424528
470.588000	27.437592
471.104000	27.450685
471.620000	27.463807
472.136000	27.476957
472.652000	27.490137
473.168000	27.503345
473.684000	27.516582
474.200000	27.529848
474.716000	27.543142
475.232000	27.556466
475.748000	27.569818
476.264000	27.583200
476.780000	27.596611
477.296000	27.610050
477.812000	27.623519
478.328000	27.637017
478.844000	27.650544
479.360000	27.664100
479.876000	27.677686
480.392000	27.691300
480.908000	27.704944
481.424000	27.718617
481.940000	27.732320
482.456000	27.746052
482.972000	27.759813
483.488000	27.773604
484.004000	27.787425
484.520000	27.801274
485.036000	27.815154
485.552000	27.829063
486.068000	27.843001
486.584000	27.856969
487.100000	27.870967
487.616000	27.884994
488.132000	27.899052
488.648000	27.913139
489.164000	27.927255
489.680000	27.941402
490.196000	27.955578
490.712000	27.969784
491.228000	27.984020
491.744000	27.998287
492.260000	28.012583
492.776000	28.026909
493.292000	28.041265
493.808000	28.055651
494.324000	28.070067
494.840000	28.084514
495.356000	28.098990
495.872000	28.113497
496.388000	28.128034
496.904000	28.142601
497.420000	28.157199
497.936000	28.171826
498.452000	28.186485
498.968000	28.201173
499.484000	28.215892
500.000000	28.230641
