0.033000	49.571894
0.044934	52.932476
0.056868	54.882593
0.068802	56.156197
0.080736	57.053285
0.092670	57.719321
0.104604	58.233383
0.116538	58.642161
0.128472	58.974995
0.140406	59.251250
0.152340	59.484222
0.164274	59.683345
0.176208	59.855495
0.188142	60.005807
0.200076	60.138187
0.212010	60.255664
0.223944	60.360620
0.235878	60.454956
0.247812	60.540206
0.259746	60.617622
0.271680	60.688237
0.283614	60.752909
0.295548	60.812359
0.307482	60.867194
0.319416	60.917931
0.331350	60.965013
0.343284	61.008822
0.355218	61.049688
0.367152	61.087896
0.379086	61.123699
0.391020	61.157317
0.402954	61.188943
0.414888	61.218750
0.426822	61.246890
0.438756	61.273500
0.450690	61.298700
0.462624	61.322600
0.474558	61.345298
0.486492	61.366882
0.498426	61.387433
0.510360	61.407022
0.522294	61.425717
0.534228	61.443576
0.546162	61.460655
0.558096	61.477003
0.570030	61.492667
0.581964	61.507688
0.593898	61.522106
0.605832	61.535956
0.617766	61.549270
0.629700	61.562080
0.641634	61.574414
0.653568	61.586296
0.665502	61.597753
0.677436	61.608806
0.689370	61.619477
0.701304	61.629784
0.713238	61.639747
0.725172	61.649381
0.737106	61.658704
0.749040	61.667729
0.760974	61.676471
0.772908	61.684944
0.784842	61.693158
0.796776	61.701127
0.808710	61.708861
0.820644	61.716369
0.832578	61.723662
0.844512	61.730750
0.856446	61.737639
0.868380	61.744340
0.880314	61.750858
0.892248	61.757202
0.904182	61.763379
0.916116	61.769395
0.928050	61.775256
0.939984	61.780969
0.951918	61.786538
0.963852	61.791969
0.975786	61.797267
0.987720	61.802437
0.999654	61.807484
1.011588	61.812412
1.023522	61.817225
1.035456	61.821927
1.047390	61.826522
1.059324	61.831013
1.071258	61.835404
1.083192	61.839698
1.095126	61.843899
1.107060	61.848009
1.118994	61.852032
1.130928	61.855970
1.142862	61.859825
1.154796	61.863601
1.166730	61.867299
1.178664	61.870923
1.190598	61.874474
1.202532	61.877955
1.214466	61.881367
1.226400	61.884712
1.238334	61.887994
1.250268	61.891212
1.262202	61.894370
1.274136	61.897468
1.286070	61.900509
1.298004	61.903495
1.309938	61.906425
1.321872	61.909303
1.333806	61.912129
1.345740	61.914906
1.357674	61.917633
1.369608	61.920313
1.381542	61.922946
1.393476	61.925535
1.405410	61.928079
1.417344	61.930581
1.429278	61.933041
1.441212	61.935460
1.453146	61.937839
1.465080	61.940180
1.477014	61.942483
1.488948	61.944749
1.500882	61.946979
1.512816	61.949173
1.524750	61.951334
1.536684	61.953460
1.548618	61.955554
1.560552	61.957616
1.572486	61.959647
1.584420	61.961647
1.596354	61.963617
1.608288	61.965558
1.620222	61.967470
1.632156	61.969355
1.644090	61.971212
1.656024	61.973042
1.667958	61.974846
1.679892	61.976625
1.691826	61.978378
1.703760	61.980107
1.715694	61.981811
1.727628	61.983493
1.739562	61.985151
1.751496	61.986786
1.763430	61.988400
1.775364	61.989991
1.787298	61.991562
1.799232	61.993111
1.811166	61.994641
1.823100	61.996150
1.835034	61.997639
1.846968	61.999110
1.858902	62.000561
1.870836	62.001994
1.882770	62.003409
1.894704	62.004805
1.906638	62.006185
1.918572	62.007547
1.930506	62.008893
1.942440	62.010221
1.954374	62.011534
1.966308	62.012831
1.978242	62.014112
1.990176	62.015378
2.002110	62.016628
2.014044	62.017864
2.025978	62.019085
2.037912	62.020292
2.049846	62.021485
2.061780	62.022664
2.073714	62.023830
2.085648	62.024982
2.097582	62.026121
2.109516	62.027247
2.121450	62.028360
2.133384	62.029461
2.145318	62.030550
2.157252	62.031627
2.169186	62.032692
2.181120	62.033745
2.193054	62.034787
2.204988	62.035817
2.216922	62.036837
2.228856	62.037845
2.240790	62.038843
2.252724	62.039830
2.264658	62.040807
2.276592	62.041774
2.288526	62.042730
2.300460	62.043676
2.312394	62.044613
2.324328	62.045540
2.336262	62.046458
2.348196	62.047366
2.360130	62.048266
2.372064	62.049156
2.383998	62.050037
2.395932	62.050909
2.407866	62.051773
2.419800	62.052628
2.431734	62.053475
2.443668	62.054314
2.455602	62.055144
2.467536	62.055967
2.479470	62.056781
2.491404	62.057588
2.503338	62.058387
2.515272	62.059178
2.527206	62.059962
2.539140	62.060739
2.551074	62.061508
2.563008	62.062270
2.574942	62.063025
2.586876	62.063773
2.598810	62.064514
2.610744	62.065249
2.622678	62.065977
2.634612	62.066698
2.646546	62.067412
2.658480	62.068121
2.670414	62.068823
2.682348	62.069518
2.694282	62.070208
2.706216	62.070891
2.718150	62.071569
2.730084	62.072240
2.742018	62.072906
2.753952	62.073566
2.765886	62.074220
2.777820	62.074869
2.789754	62.075512
2.801688	62.076149
2.813622	62.076781
2.825556	62.077408
2.837490	62.078030
2.849424	62.078646
2.861358	62.079257
2.873292	62.079863
2.885226	62.080464
2.897160	62.081061
2.909094	62.081652
2.921028	62.082238
2.932962	62.082820
2.944896	62.083397
2.956830	62.083969
2.968764	62.084537
2.980698	62.085100
2.992632	62.085659
3.004566	62.086213
3.016500	62.086763
3.028434	62.087308
3.040368	62.087849
3.052302	62.088386
3.064236	62.088919
3.076170	62.089448
3.088104	62.089972
3.100038	62.090493
3.111972	62.091009
3.123906	62.091522
3.135840	62.092031
3.147774	62.092535
3.159708	62.093036
3.171642	62.093534
3.183576	62.094027
3.195510	62.094517
3.207444	62.095003
3.219378	62.095486
3.231312	62.095965
3.243246	62.096440
3.255180	62.096912
3.267114	62.097381
3.279048	62.097846
3.290982	62.098308
3.302916	62.098766
3.314850	62.099221
3.326784	62.099673
3.338718	62.100122
3.350652	62.100567
3.362586	62.101010
3.374520	62.101449
3.386454	62.101885
3.398388	62.102318
3.410322	62.102748
3.422256	62.103175
3.434190	62.103599
3.446124	62.104020
3.458058	62.104438
3.469992	62.104853
3.481926	62.105266
3.493860	62.105675
3.505794	62.106082
3.517728	62.106486
3.529662	62.106888
3.541596	62.107286
3.553530	62.107682
3.565464	62.108075
3.577398	62.108466
3.589332	62.108854
3.601266	62.109240
3.613200	62.109623
3.625134	62.110003
3.637068	62.110381
3.649002	62.110757
3.660936	62.111130
3.672870	62.111500
3.684804	62.111868
3.696738	62.112234
3.708672	62.112598
3.720606	62.112959
3.732540	62.113318
3.744474	62.113674
3.756408	62.114028
3.768342	62.114380
3.780276	62.114730
3.792210	62.115078
3.804144	62.115423
3.816078	62.115767
3.828012	62.116108
3.839946	62.116447
3.851880	62.116784
3.863814	62.117118
3.875748	62.117451
3.887682	62.117782
3.899616	62.118111
3.911550	62.118437
3.923484	62.118762
3.935418	62.119085
3.947352	62.119405
3.959286	62.119724
3.971220	62.120041
3.983154	62.120356
3.995088	62.120669
4.007022	62.120981
4.018956	62.121290
4.030890	62.121598
4.042824	62.121904
4.054758	62.122208
4.066692	62.122510
4.078626	62.122810
4.090560	62.123109
4.102494	62.123406
4.114428	62.123701
4.126362	62.123995
4.138296	62.124286
4.150230	62.124576
4.162164	62.124865
4.174098	62.125152
4.186032	62.125437
4.197966	62.125721
4.209900	62.126003
4.221834	62.126283
4.233768	62.126562
4.245702	62.126839
4.257636	62.127115
4.269570	62.127389
4.281504	62.127661
4.293438	62.127932
4.305372	62.128202
4.317306	62.128470
4.329240	62.128737
4.341174	62.129002
4.353108	62.129265
4.365042	62.129528
4.376976	62.129789
4.388910	62.130048
4.400844	62.130306
4.412778	62.130563
4.424712	62.130818
4.436646	62.131072
4.448580	62.131324
4.460514	62.131575
4.472448	62.131825
4.484382	62.132073
4.496316	62.132321
4.508250	62.132566
4.520184	62.132811
4.532118	62.133054
4.544052	62.133296
4.555986	62.133537
4.567920	62.133776
4.579854	62.134015
4.591788	62.134251
4.603722	62.134487
4.615656	62.134722
4.627590	62.134955
4.639524	62.135187
4.651458	62.135418
4.663392	62.135648
4.675326	62.135876
4.687260	62.136104
4.699194	62.136330
4.711128	62.136555
4.723062	62.136779
4.734996	62.137002
4.746930	62.137224
4.758864	62.137444
4.770798	62.137664
4.782732	62.137882
4.794666	62.138099
4.806600	62.138316
4.818534	62.138531
4.830468	62.138745
4.842402	62.138958
4.854336	62.139170
4.866270	62.139381
4.878204	62.139591
4.890138	62.139800
4.902072	62.140007
4.914006	62.140214
4.925940	62.140420
4.937874	62.140625
4.949808	62.140829
4.961742	62.141032
4.973676	62.141234
4.985610	62.141435
4.997544	62.141635
5.009478	62.141834
5.021412	62.142032
5.033346	62.142229
5.045280	62.142425
5.057214	62.142621
5.069148	62.142815
5.081082	62.143008
5.093016	62.143201
5.104950	62.143393
5.116884	62.143583
5.128818	62.143773
5.140752	62.143962
5.152686	62.144150
5.164620	62.144338
5.176554	62.144524
5.188488	62.144710
5.200422	62.144894
5.212356	62.145078
5.224290	62.145261
5.236224	62.145443
5.248158	62.145625
5.260092	62.145805
5.272026	62.145985
5.283960	62.146164
5.295894	62.146342
5.307828	62.146519
5.319762	62.146695
5.331696	62.146871
5.343630	62.147046
5.355564	62.147220
5.367498	62.147394
5.379432	62.147566
5.391366	62.147738
5.403300	62.147909
5.415234	62.148079
5.427168	62.148249
5.439102	62.148418
5.451036	62.148586
5.462970	62.148753
5.474904	62.148920
5.486838	62.149086
5.498772	62.149251
5.510706	62.149415
5.522640	62.149579
5.534574	62.149742
5.546508	62.149904
5.558442	62.150066
5.570376	62.150227
5.582310	62.150387
5.594244	62.150547
5.606178	62.150706
5.618112	62.150864
5.630046	62.151021
5.641980	62.151178
5.653914	62.151334
5.665848	62.151490
5.677782	62.151645
5.689716	62.151799
5.701650	62.151953
5.713584	62.152106
5.725518	62.152258
5.737452	62.152410
5.749386	62.152561
5.761320	62.152711
5.773254	62.152861
5.785188	62.153010
5.797122	62.153159
5.809056	62.153307
5.820990	62.153454
5.832924	62.153601
5.844858	62.153747
5.856792	62.153893
5.868726	62.154038
5.880660	62.154182
5.892594	62.154326
5.904528	62.154469
5.916462	62.154612
5.928396	62.154754
5.940330	62.154895
5.952264	62.155036
5.964198	62.155177
5.976132	62.155316
5.988066	62.155456
6.000000	62.155594
