0.033000	0.185235
0.044934	0.252219
0.056868	0.319201
0.068802	0.386178
0.080736	0.453151
0.092670	0.520117
0.104604	0.587078
0.116538	0.654031
0.128472	0.720977
0.140406	0.787913
0.152340	0.854840
0.164274	0.921756
0.176208	0.988660
0.188142	1.055553
0.200076	1.122432
0.212010	1.189298
0.223944	1.256149
0.235878	1.322984
0.247812	1.389804
0.259746	1.456606
0.271680	1.523390
0.283614	1.590155
0.295548	1.656900
0.307482	1.723625
0.319416	1.790329
0.331350	1.857011
0.343284	1.923670
0.355218	1.990305
0.367152	2.056915
0.379086	2.123500
0.391020	2.190059
0.402954	2.256591
0.414888	2.323095
0.426822	2.389570
0.438756	2.456015
0.450690	2.522431
0.462624	2.588815
0.474558	2.655167
0.486492	2.721486
0.498426	2.787771
0.510360	2.854022
0.522294	2.920238
0.534228	2.986418
0.546162	3.052560
0.558096	3.118665
0.570030	3.184731
0.581964	3.250758
0.593898	3.316744
0.605832	3.382689
0.617766	3.448593
0.629700	3.514453
0.641634	3.580270
0.653568	3.646043
0.665502	3.711770
0.677436	3.777451
0.689370	3.843086
0.701304	3.908672
0.713238	3.974211
0.725172	4.039699
0.737106	4.105138
0.749040	4.170526
0.760974	4.235861
0.772908	4.301144
0.784842	4.366374
0.796776	4.431549
0.808710	4.496669
0.820644	4.561733
0.832578	4.626741
0.844512	4.691690
0.856446	4.756582
0.868380	4.821413
0.880314	4.886185
0.892248	4.950896
0.904182	5.015545
0.916116	5.080132
0.928050	5.144655
0.939984	5.209114
0.951918	5.273508
0.963852	5.337836
0.975786	5.402097
0.987720	5.466291
0.999654	5.530416
1.011588	5.594473
1.023522	5.658459
1.035456	5.722374
1.047390	5.786218
1.059324	5.849989
1.071258	5.913687
1.083192	5.977310
1.095126	6.040859
1.107060	6.104332
1.118994	6.167728
1.130928	6.231047
1.142862	6.294288
1.154796	6.357449
1.166730	6.420531
1.178664	6.483532
1.190598	6.546451
1.202532	6.609288
1.214466	6.672041
1.226400	6.734711
1.238334	6.797295
1.250268	6.859794
1.262202	6.922207
1.274136	6.984532
1.286070	7.046768
1.298004	7.108916
1.309938	7.170974
1.321872	7.232942
1.333806	7.294817
1.345740	7.356601
1.357674	7.418291
1.369608	7.479888
1.381542	7.541389
1.393476	7.602795
1.405410	7.664105
1.417344	7.725317
1.429278	7.786431
1.441212	7.847446
1.453146	7.908362
1.465080	7.969177
1.477014	8.029890
1.488948	8.090501
1.500882	8.151010
1.512816	8.211414
1.524750	8.271713
1.536684	8.331908
1.548618	8.391995
1.560552	8.451976
1.572486	8.511848
1.584420	8.571612
1.596354	8.631266
1.608288	8.690809
1.620222	8.750242
1.632156	8.809562
1.644090	8.868769
1.656024	8.927862
1.667958	8.986841
1.679892	9.045704
1.691826	9.104451
1.703760	9.163081
1.715694	9.221593
1.727628	9.279986
1.739562	9.338259
1.751496	9.396413
1.763430	9.454445
1.775364	9.512355
1.787298	9.570142
1.799232	9.627805
1.811166	9.685344
1.823100	9.742757
1.835034	9.800044
1.846968	9.857205
1.858902	9.914237
1.870836	9.971141
1.882770	10.027915
1.894704	10.084559
1.906638	10.141072
1.918572	10.197453
1.930506	10.253701
1.942440	10.309815
1.954374	10.365795
1.966308	10.421640
1.978242	10.477348
1.990176	10.532920
2.002110	10.588354
2.014044	10.643649
2.025978	10.698805
2.037912	10.753821
2.049846	10.808696
2.061780	10.863429
2.073714	10.918019
2.085648	10.972465
2.097582	11.026767
2.109516	11.080924
2.121450	11.134936
2.133384	11.188800
2.145318	11.242516
2.157252	11.296084
2.169186	11.349503
2.181120	11.402772
2.193054	11.455889
2.204988	11.508855
2.216922	11.561668
2.228856	11.614328
2.240790	11.666834
2.252724	11.719184
2.264658	11.771378
2.276592	11.823416
2.288526	11.875296
2.300460	11.927018
2.312394	11.978581
2.324328	12.029983
2.336262	12.081225
2.348196	12.132305
2.360130	12.183222
2.372064	12.233976
2.383998	12.284566
2.395932	12.334991
2.407866	12.385250
2.419800	12.435342
2.431734	12.485267
2.443668	12.535024
2.455602	12.584611
2.467536	12.634028
2.479470	12.683275
2.491404	12.732350
2.503338	12.781253
2.515272	12.829982
2.527206	12.878537
2.539140	12.926918
2.551074	12.975122
2.563008	13.023150
2.574942	13.071001
2.586876	13.118673
2.598810	13.166167
2.610744	13.213480
2.622678	13.260613
2.634612	13.307564
2.646546	13.354333
2.658480	13.400919
2.670414	13.447321
2.682348	13.493537
2.694282	13.539569
2.706216	13.585413
2.718150	13.631071
2.730084	13.676540
2.742018	13.721821
2.753952	13.766911
2.765886	13.811811
2.777820	13.856520
2.789754	13.901036
2.801688	13.945359
2.813622	13.989488
2.825556	14.033423
2.837490	14.077162
2.849424	14.120704
2.861358	14.164049
2.873292	14.207197
2.885226	14.250145
2.897160	14.292894
2.909094	14.335442
2.921028	14.377789
2.932962	14.419933
2.944896	14.461875
2.956830	14.503613
2.968764	14.545146
2.980698	14.586473
2.992632	14.627595
3.004566	14.668509
3.016500	14.709215
3.028434	14.749713
3.040368	14.790001
3.052302	14.830078
3.064236	14.869944
3.076170	14.909598
3.088104	14.949040
3.100038	14.988267
3.111972	15.027280
3.123906	15.066077
3.135840	15.104659
3.147774	15.143023
3.159708	15.181169
3.171642	15.219097
3.183576	15.256805
3.195510	15.294293
3.207444	15.331559
3.219378	15.368604
3.231312	15.405425
3.243246	15.442024
3.255180	15.478397
3.267114	15.514545
3.279048	15.550468
3.290982	15.586163
3.302916	15.621630
3.314850	15.656869
3.326784	15.691879
3.338718	15.726658
3.350652	15.761206
3.362586	15.795522
3.374520	15.829605
3.386454	15.863455
3.398388	15.897071
3.410322	15.930451
3.422256	15.963595
3.434190	15.996502
3.446124	16.029172
3.458058	16.061603
3.469992	16.093795
3.481926	16.125746
3.493860	16.157457
3.505794	16.188926
3.517728	16.220152
3.529662	16.251135
3.541596	16.281873
3.553530	16.312366
3.565464	16.342613
3.577398	16.372614
3.589332	16.402367
3.601266	16.431871
3.613200	16.461126
3.625134	16.490131
3.637068	16.518885
3.649002	16.547388
3.660936	16.575638
3.672870	16.603634
3.684804	16.631376
3.696738	16.658864
3.708672	16.686095
3.720606	16.713070
3.732540	16.739787
3.744474	16.766246
3.756408	16.792445
3.768342	16.818385
3.780276	16.844064
3.792210	16.869481
3.804144	16.894636
3.816078	16.919527
3.828012	16.944154
3.839946	16.968516
3.851880	16.992613
3.863814	17.016443
3.875748	17.040005
3.887682	17.063300
3.899616	17.086325
3.911550	17.109080
3.923484	17.131564
3.935418	17.153777
3.947352	17.175718
3.959286	17.197385
3.971220	17.218779
3.983154	17.239897
3.995088	17.260740
4.007022	17.281306
4.018956	17.301595
4.030890	17.321606
4.042824	17.341337
4.054758	17.360789
4.066692	17.379960
4.078626	17.398850
4.090560	17.417458
4.102494	17.435782
4.114428	17.453822
4.126362	17.471578
4.138296	17.489048
4.150230	17.506232
4.162164	17.523128
4.174098	17.539736
4.186032	17.556056
4.197966	17.572085
4.209900	17.587824
4.221834	17.603272
4.233768	17.618427
4.245702	17.633290
4.257636	17.647858
4.269570	17.662132
4.281504	17.676111
4.293438	17.689793
4.305372	17.703177
4.317306	17.716264
4.329240	17.729052
4.341174	17.741541
4.353108	17.753729
4.365042	17.765615
4.376976	17.777200
4.388910	17.788481
4.400844	17.799459
4.412778	17.810132
4.424712	17.820500
4.436646	17.830562
4.448580	17.840316
4.460514	17.849762
4.472448	17.858900
4.484382	17.867728
4.496316	17.876246
4.508250	17.884453
4.520184	17.892347
4.532118	17.899929
4.544052	17.907197
4.555986	17.914151
4.567920	17.920789
4.579854	17.927111
4.591788	17.933116
4.603722	17.938803
4.615656	17.944172
4.627590	17.949221
4.639524	17.953950
4.651458	17.958357
4.663392	17.962443
4.675326	17.966206
4.687260	17.969645
4.699194	17.972760
4.711128	17.975550
4.723062	17.978014
4.734996	17.980150
4.746930	17.981959
4.758864	17.983440
4.770798	17.984591
4.782732	17.985412
4.794666	17.985901
4.806600	17.986059
4.818534	17.985885
4.830468	17.985376
4.842402	17.984534
4.854336	17.983356
4.866270	17.981842
4.878204	17.979992
4.890138	17.977803
4.902072	17.975277
4.914006	17.972411
4.925940	17.969205
4.937874	17.965658
4.949808	17.961769
4.961742	17.957537
4.973676	17.952963
4.985610	17.948044
4.997544	17.942779
5.009478	17.937169
5.021412	17.931213
5.033346	17.924908
5.045280	17.918256
5.057214	17.911254
5.069148	17.903902
5.081082	17.896199
5.093016	17.888144
5.104950	17.879737
5.116884	17.870977
5.128818	17.861863
5.140752	17.852393
5.152686	17.842568
5.164620	17.832386
5.176554	17.821846
5.188488	17.810949
5.200422	17.799692
5.212356	17.788075
5.224290	17.776098
5.236224	17.763758
5.248158	17.751057
5.260092	17.737992
5.272026	17.724563
5.283960	17.710770
5.295894	17.696610
5.307828	17.682084
5.319762	17.667191
5.331696	17.651929
5.343630	17.636298
5.355564	17.620298
5.367498	17.603927
5.379432	17.587184
5.391366	17.570069
5.403300	17.552581
5.415234	17.534719
5.427168	17.516482
5.439102	17.497869
5.451036	17.478880
5.462970	17.459513
5.474904	17.439769
5.486838	17.419646
5.498772	17.399142
5.510706	17.378259
5.522640	17.356993
5.534574	17.335346
5.546508	17.313315
5.558442	17.290901
5.570376	17.268102
5.582310	17.244917
5.594244	17.221346
5.606178	17.197388
5.618112	17.173041
5.630046	17.148306
5.641980	17.123181
5.653914	17.097666
5.665848	17.071759
5.677782	17.045461
5.689716	17.018769
5.701650	16.991683
5.713584	16.964203
5.725518	16.936327
5.737452	16.908055
5.749386	16.879386
5.761320	16.850319
5.773254	16.820853
5.785188	16.790988
5.797122	16.760722
5.809056	16.730055
5.820990	16.698986
5.832924	16.667513
5.844858	16.635638
5.856792	16.603357
5.868726	16.570672
5.880660	16.537580
5.892594	16.504081
5.904528	16.470174
5.916462	16.435859
5.928396	16.401134
5.940330	16.365998
5.952264	16.330452
5.964198	16.294494
5.976132	16.258122
5.988066	16.221337
6.000000	16.184138
