0.033000	0.857926
0.044934	1.168165
0.056868	1.478386
0.068802	1.788586
0.080736	2.098759
0.092670	2.408901
0.104604	2.719008
0.116538	3.029076
0.128472	3.339098
0.140406	3.649072
0.152340	3.958991
0.164274	4.268853
0.176208	4.578652
0.188142	4.888383
0.200076	5.198043
0.212010	5.507626
0.223944	5.817128
0.235878	6.126545
0.247812	6.435871
0.259746	6.745103
0.271680	7.054235
0.283614	7.363264
0.295548	7.672184
0.307482	7.980991
0.319416	8.289681
0.331350	8.598248
0.343284	8.906689
0.355218	9.214999
0.367152	9.523173
0.379086	9.831207
0.391020	10.139096
0.402954	10.446836
0.414888	10.754421
0.426822	11.061848
0.438756	11.369112
0.450690	11.676208
0.462624	11.983132
0.474558	12.289879
0.486492	12.596445
0.498426	12.902825
0.510360	13.209014
0.522294	13.515008
0.534228	13.820803
0.546162	14.126394
0.558096	14.431775
0.570030	14.736944
0.581964	15.041895
0.593898	15.346623
0.605832	15.651124
0.617766	15.955394
0.629700	16.259428
0.641634	16.563221
0.653568	16.866769
0.665502	17.170067
0.677436	17.473111
0.689370	17.775896
0.701304	18.078417
0.713238	18.380671
0.725172	18.682652
0.737106	18.984355
0.749040	19.285778
0.760974	19.586913
0.772908	19.887758
0.784842	20.188308
0.796776	20.488558
0.808710	20.788503
0.820644	21.088139
0.832578	21.387461
0.844512	21.686466
0.856446	21.985147
0.868380	22.283502
0.880314	22.581524
0.892248	22.879210
0.904182	23.176555
0.916116	23.473555
0.928050	23.770204
0.939984	24.066499
0.951918	24.362434
0.963852	24.658006
0.975786	24.953210
0.987720	25.248040
0.999654	25.542493
1.011588	25.836564
1.023522	26.130248
1.035456	26.423542
1.047390	26.716439
1.059324	27.008936
1.071258	27.301029
1.083192	27.592712
1.095126	27.883981
1.107060	28.174832
1.118994	28.465259
1.130928	28.755259
1.142862	29.044827
1.154796	29.333958
1.166730	29.622647
1.178664	29.910891
1.190598	30.198684
1.202532	30.486023
1.214466	30.772901
1.226400	31.059316
1.238334	31.345262
1.250268	31.630735
1.262202	31.915729
1.274136	32.200242
1.286070	32.484268
1.298004	32.767802
1.309938	33.050840
1.321872	33.333377
1.333806	33.615410
1.345740	33.896932
1.357674	34.177941
1.369608	34.458430
1.381542	34.738396
1.393476	35.017834
1.405410	35.296740
1.417344	35.575108
1.429278	35.852935
1.441212	36.130216
1.453146	36.406945
1.465080	36.683120
1.477014	36.958734
1.488948	37.233785
1.500882	37.508266
1.512816	37.782173
1.524750	38.055503
1.536684	38.328249
1.548618	38.600409
1.560552	38.871976
1.572486	39.142948
1.584420	39.413318
1.596354	39.683083
1.608288	39.952238
1.620222	40.220778
1.632156	40.488699
1.644090	40.755996
1.656024	41.022665
1.667958	41.288701
1.679892	41.554099
1.691826	41.818856
1.703760	42.082966
1.715694	42.346425
1.727628	42.609228
1.739562	42.871372
1.751496	43.132850
1.763430	43.393659
1.775364	43.653794
1.787298	43.913250
1.799232	44.172024
1.811166	44.430110
1.823100	44.687504
1.835034	44.944201
1.846968	45.200196
1.858902	45.455486
1.870836	45.710066
1.882770	45.963930
1.894704	46.217076
1.906638	46.469497
1.918572	46.721189
1.930506	46.972148
1.942440	47.222369
1.954374	47.471849
1.966308	47.720581
1.978242	47.968561
1.990176	48.215786
2.002110	48.462250
2.014044	48.707949
2.025978	48.952879
2.037912	49.197034
2.049846	49.440410
2.061780	49.683003
2.073714	49.924808
2.085648	50.165821
2.097582	50.406036
2.109516	50.645450
2.121450	50.884058
2.133384	51.121855
2.145318	51.358836
2.157252	51.594998
2.169186	51.830336
2.181120	52.064844
2.193054	52.298519
2.204988	52.531356
2.216922	52.763350
2.228856	52.994497
2.240790	53.224792
2.252724	53.454231
2.264658	53.682809
2.276592	53.910521
2.288526	54.137364
2.300460	54.363332
2.312394	54.588420
2.324328	54.812625
2.336262	55.035942
2.348196	55.258366
2.360130	55.479893
2.372064	55.700517
2.383998	55.920235
2.395932	56.139042
2.407866	56.356934
2.419800	56.573905
2.431734	56.789951
2.443668	57.005068
2.455602	57.219252
2.467536	57.432497
2.479470	57.644798
2.491404	57.856153
2.503338	58.066555
2.515272	58.276000
2.527206	58.484485
2.539140	58.692003
2.551074	58.898551
2.563008	59.104124
2.574942	59.308718
2.586876	59.512328
2.598810	59.714949
2.610744	59.916577
2.622678	60.117207
2.634612	60.316835
2.646546	60.515456
2.658480	60.713066
2.670414	60.909660
2.682348	61.105233
2.694282	61.299781
2.706216	61.493299
2.718150	61.685784
2.730084	61.877229
2.742018	62.067631
2.753952	62.256986
2.765886	62.445287
2.777820	62.632532
2.789754	62.818716
2.801688	63.003833
2.813622	63.187879
2.825556	63.370850
2.837490	63.552742
2.849424	63.733549
2.861358	63.913267
2.873292	64.091891
2.885226	64.269418
2.897160	64.445842
2.909094	64.621159
2.921028	64.795364
2.932962	64.968452
2.944896	65.140420
2.956830	65.311263
2.968764	65.480975
2.980698	65.649553
2.992632	65.816992
3.004566	65.983287
3.016500	66.148434
3.028434	66.312428
3.040368	66.475265
3.052302	66.636939
3.064236	66.797448
3.076170	66.956785
3.088104	67.114947
3.100038	67.271929
3.111972	67.427726
3.123906	67.582333
3.135840	67.735747
3.147774	67.887963
3.159708	68.038975
3.171642	68.188780
3.183576	68.337373
3.195510	68.484749
3.207444	68.630904
3.219378	68.775834
3.231312	68.919533
3.243246	69.061997
3.255180	69.203222
3.267114	69.343202
3.279048	69.481935
3.290982	69.619414
3.302916	69.755635
3.314850	69.890594
3.326784	70.024286
3.338718	70.156707
3.350652	70.287852
3.362586	70.417717
3.374520	70.546296
3.386454	70.673586
3.398388	70.799582
3.410322	70.924279
3.422256	71.047673
3.434190	71.169759
3.446124	71.290532
3.458058	71.409989
3.469992	71.528124
3.481926	71.644933
3.493860	71.760411
3.505794	71.874554
3.517728	71.987357
3.529662	72.098816
3.541596	72.208926
3.553530	72.317683
3.565464	72.425081
3.577398	72.531117
3.589332	72.635786
3.601266	72.739083
3.613200	72.841004
3.625134	72.941544
3.637068	73.040699
3.649002	73.138464
3.660936	73.234834
3.672870	73.329805
3.684804	73.423373
3.696738	73.515532
3.708672	73.606279
3.720606	73.695608
3.732540	73.783516
3.744474	73.869997
3.756408	73.955047
3.768342	74.038661
3.780276	74.120836
3.792210	74.201565
3.804144	74.280846
3.816078	74.358673
3.828012	74.435041
3.839946	74.509947
3.851880	74.583385
3.863814	74.655351
3.875748	74.725840
3.887682	74.794848
3.899616	74.862371
3.911550	74.928403
3.923484	74.992940
3.935418	75.055978
3.947352	75.117513
3.959286	75.177538
3.971220	75.236051
3.983154	75.293045
3.995088	75.348518
4.007022	75.402464
4.018956	75.454878
4.030890	75.505757
4.042824	75.555095
4.054758	75.602888
4.066692	75.649132
4.078626	75.693822
4.090560	75.736953
4.102494	75.778520
4.114428	75.818520
4.126362	75.856947
4.138296	75.893798
4.150230	75.929067
4.162164	75.962750
4.174098	75.994842
4.186032	76.025339
4.197966	76.054237
4.209900	76.081530
4.221834	76.107214
4.233768	76.131285
4.245702	76.153738
4.257636	76.174569
4.269570	76.193772
4.281504	76.211343
4.293438	76.227279
4.305372	76.241574
4.317306	76.254223
4.329240	76.265222
4.341174	76.274567
4.353108	76.282253
4.365042	76.288276
4.376976	76.292630
4.388910	76.295311
4.400844	76.296315
4.412778	76.295638
4.424712	76.293274
4.436646	76.289219
4.448580	76.283469
4.460514	76.276018
4.472448	76.266863
4.484382	76.255999
4.496316	76.243421
4.508250	76.229124
4.520184	76.213105
4.532118	76.195359
4.544052	76.175880
4.555986	76.154665
4.567920	76.131708
4.579854	76.107006
4.591788	76.080554
4.603722	76.052347
4.615656	76.022381
4.627590	75.990651
4.639524	75.957152
4.651458	75.921880
4.663392	75.884831
4.675326	75.845999
4.687260	75.805381
4.699194	75.762971
4.711128	75.718766
4.723062	75.672760
4.734996	75.624949
4.746930	75.575329
4.758864	75.523895
4.770798	75.470642
4.782732	75.415566
4.794666	75.358662
4.806600	75.299925
4.818534	75.239352
4.830468	75.176938
4.842402	75.112677
4.854336	75.046566
4.866270	74.978599
4.878204	74.908773
4.890138	74.837083
4.902072	74.763524
4.914006	74.688092
4.925940	74.610781
4.937874	74.531588
4.949808	74.450508
4.961742	74.367537
4.973676	74.282669
4.985610	74.195901
4.997544	74.107227
5.009478	74.016643
5.021412	73.924145
5.033346	73.829728
5.045280	73.733388
5.057214	73.635119
5.069148	73.534918
5.081082	73.432779
5.093016	73.328699
5.104950	73.222672
5.116884	73.114695
5.128818	73.004762
5.140752	72.892869
5.152686	72.779011
5.164620	72.663184
5.176554	72.545384
5.188488	72.425605
5.200422	72.303843
5.212356	72.180094
5.224290	72.054353
5.236224	71.926616
5.248158	71.796877
5.260092	71.665133
5.272026	71.531379
5.283960	71.395610
5.295894	71.257821
5.307828	71.118009
5.319762	70.976168
5.331696	70.832295
5.343630	70.686383
5.355564	70.538430
5.367498	70.388430
5.379432	70.236379
5.391366	70.082272
5.403300	69.926104
5.415234	69.767872
5.427168	69.607570
5.439102	69.445194
5.451036	69.280739
5.462970	69.114202
5.474904	68.945576
5.486838	68.774859
5.498772	68.602044
5.510706	68.427128
5.522640	68.250106
5.534574	68.070974
5.546508	67.889726
5.558442	67.706359
5.570376	67.520868
5.582310	67.333248
5.594244	67.143494
5.606178	66.951603
5.618112	66.757569
5.630046	66.561388
5.641980	66.363056
5.653914	66.162567
5.665848	65.959918
5.677782	65.755103
5.689716	65.548119
5.701650	65.338960
5.713584	65.127623
5.725518	64.914101
5.737452	64.698392
5.749386	64.480490
5.761320	64.260391
5.773254	64.038091
5.785188	63.813584
5.797122	63.586866
5.809056	63.357932
5.820990	63.126779
5.832924	62.893401
5.844858	62.657794
5.856792	62.419954
5.868726	62.179875
5.880660	61.937553
5.892594	61.692984
5.904528	61.446163
5.916462	61.197086
5.928396	60.945748
5.940330	60.692144
5.952264	60.436269
5.964198	60.178121
5.976132	59.917692
5.988066	59.654980
6.000000	59.389980
