1.000000	-445.886037
1.098000	-489.451791
1.196000	-532.980809
1.294000	-576.469811
1.392000	-619.915518
1.490000	-663.314652
1.588000	-706.663933
1.686000	-749.960084
1.784000	-793.199825
1.882000	-836.379877
1.980000	-879.496961
2.078000	-922.547799
2.176000	-965.529111
2.274000	-1008.437619
2.372000	-1051.270044
2.470000	-1094.023107
2.568000	-1136.693529
2.666000	-1179.278031
2.764000	-1221.773335
2.862000	-1264.176161
2.960000	-1306.483230
3.058000	-1348.691265
3.156000	-1390.796985
3.254000	-1432.797112
3.352000	-1474.688368
3.450000	-1516.467473
3.548000	-1558.131148
3.646000	-1599.676115
3.744000	-1641.099094
3.842000	-1682.396807
3.940000	-1723.565975
4.038000	-1764.603320
4.136000	-1805.505561
4.234000	-1846.269421
4.332000	-1886.891620
4.430000	-1927.368880
4.528000	-1967.697921
4.626000	-2007.875466
4.724000	-2047.898234
4.822000	-2087.762948
4.920000	-2127.466327
5.018000	-2167.005094
5.116000	-2206.375970
5.214000	-2245.575675
5.312000	-2284.600931
5.410000	-2323.448459
5.508000	-2362.114980
5.606000	-2400.597215
5.704000	-2438.891885
5.802000	-2476.995712
5.900000	-2514.905416
5.998000	-2552.617719
6.096000	-2590.129342
6.194000	-2627.437006
6.292000	-2664.537431
6.390000	-2701.427340
6.488000	-2738.103454
6.586000	-2774.562493
6.684000	-2810.801178
6.782000	-2846.816231
6.880000	-2882.604373
6.978000	-2918.162325
7.076000	-2953.486808
7.174000	-2988.574543
7.272000	-3023.422252
7.370000	-3058.026655
7.468000	-3092.384474
7.566000	-3126.492429
7.664000	-3160.347243
7.762000	-3193.945635
7.860000	-3227.284328
7.958000	-3260.360042
8.056000	-3293.169498
8.154000	-3325.709418
8.252000	-3357.976523
8.350000	-3389.967533
8.448000	-3421.679171
8.546000	-3453.108156
8.644000	-3484.251211
8.742000	-3515.105056
8.840000	-3545.666412
8.938000	-3575.932001
9.036000	-3605.898544
9.134000	-3635.562761
9.232000	-3664.921375
9.330000	-3693.971106
9.428000	-3722.708675
9.526000	-3751.130803
9.624000	-3779.234212
9.722000	-3807.015622
9.820000	-3834.471755
9.918000	-3861.599333
10.016000	-3888.395075
10.114000	-3914.855703
10.212000	-3940.977939
10.310000	-3966.758503
10.408000	-3992.194116
10.506000	-4017.281501
10.604000	-4042.017377
10.702000	-4066.398466
10.800000	-4090.421489
10.898000	-4114.083167
10.996000	-4137.380222
11.094000	-4160.309374
11.192000	-4182.867345
11.290000	-4205.050855
11.388000	-4226.856627
11.486000	-4248.281380
11.584000	-4269.321836
11.682000	-4289.974717
11.780000	-4310.236743
11.878000	-4330.104636
11.976000	-4349.575116
12.074000	-4368.644905
12.172000	-4387.310724
12.270000	-4405.569294
12.368000	-4423.417336
12.466000	-4440.851571
12.564000	-4457.868721
12.662000	-4474.465507
12.760000	-4490.638649
12.858000	-4506.384869
12.956000	-4521.700887
13.054000	-4536.583426
13.152000	-4551.029206
13.250000	-4565.034949
13.348000	-4578.597375
13.446000	-4591.713205
13.544000	-4604.379162
13.642000	-4616.591965
13.740000	-4628.348336
13.838000	-4639.644996
13.936000	-4650.478667
14.034000	-4660.846069
14.132000	-4670.743923
14.230000	-4680.168951
14.328000	-4689.117874
14.426000	-4697.587413
14.524000	-4705.574288
14.622000	-4713.075222
14.720000	-4720.086936
14.818000	-4726.606149
14.916000	-4732.629584
15.014000	-4738.153962
15.112000	-4743.176004
15.210000	-4747.692431
15.308000	-4751.699964
15.406000	-4755.195324
15.504000	-4758.175232
15.602000	-4760.636410
15.700000	-4762.575578
15.798000	-4763.989458
15.896000	-4764.874771
15.994000	-4765.228238
16.092000	-4765.046580
16.190000	-4764.326519
16.288000	-4763.064775
16.386000	-4761.258069
16.484000	-4758.903123
16.582000	-4755.996658
16.680000	-4752.535394
16.778000	-4748.516054
16.876000	-4743.935358
16.974000	-4738.790027
17.072000	-4733.076783
17.170000	-4726.792346
17.268000	-4719.933438
17.366000	-4712.496779
17.464000	-4704.479092
17.562000	-4695.877097
17.660000	-4686.687515
17.758000	-4676.907067
17.856000	-4666.532475
17.954000	-4655.560459
18.052000	-4643.987741
18.150000	-4631.811042
18.248000	-4619.027083
18.346000	-4605.632585
18.444000	-4591.624269
18.542000	-4576.998857
18.640000	-4561.753069
18.738000	-4545.883627
18.836000	-4529.387252
18.934000	-4512.260665
19.032000	-4494.500586
19.130000	-4476.103738
19.228000	-4457.066841
19.326000	-4437.386617
19.424000	-4417.059786
19.522000	-4396.083070
19.620000	-4374.453190
19.718000	-4352.166866
19.816000	-4329.220821
19.914000	-4305.611775
20.012000	-4281.336449
20.110000	-4256.391565
20.208000	-4230.773843
20.306000	-4204.480006
20.404000	-4177.506773
20.502000	-4149.850866
20.600000	-4121.509006
20.698000	-4092.477914
20.796000	-4062.754312
20.894000	-4032.334920
20.992000	-4001.216460
21.090000	-3969.395653
21.188000	-3936.869220
21.286000	-3903.633881
21.384000	-3869.686359
21.482000	-3835.023375
21.580000	-3799.641648
21.678000	-3763.537901
21.776000	-3726.708855
21.874000	-3689.151231
21.972000	-3650.861750
22.070000	-3611.837133
22.168000	-3572.074101
22.266000	-3531.569375
22.364000	-3490.319677
22.462000	-3448.321727
22.560000	-3405.572248
22.658000	-3362.067959
22.756000	-3317.805582
22.854000	-3272.781838
22.952000	-3226.993449
23.050000	-3180.437135
23.148000	-3133.109617
23.246000	-3085.007617
23.344000	-3036.127856
23.442000	-2986.467055
23.540000	-2936.021935
23.638000	-2884.789217
23.736000	-2832.765622
23.834000	-2779.947872
23.932000	-2726.332687
24.030000	-2671.916789
24.128000	-2616.696899
24.226000	-2560.669738
24.324000	-2503.832027
24.422000	-2446.180487
24.520000	-2387.711840
24.618000	-2328.422806
24.716000	-2268.310107
24.814000	-2207.370463
24.912000	-2145.600596
25.010000	-2082.997228
25.108000	-2019.557078
25.206000	-1955.276869
25.304000	-1890.153321
25.402000	-1824.183156
25.500000	-1757.363094
25.598000	-1689.689857
25.696000	-1621.160166
25.794000	-1551.770742
25.892000	-1481.518306
25.990000	-1410.399580
26.088000	-1338.411284
26.186000	-1265.550140
26.284000	-1191.812868
26.382000	-1117.196190
26.480000	-1041.696827
26.578000	-965.311501
26.676000	-888.036931
26.774000	-809.869840
26.872000	-730.806948
26.970000	-650.844977
27.068000	-569.980648
27.166000	-488.210681
27.264000	-405.531799
27.362000	-321.940721
27.460000	-237.434170
27.558000	-152.008867
27.656000	-65.661532
27.754000	21.611114
27.852000	109.812348
27.950000	198.945451
28.048000	289.013701
28.146000	380.020376
28.244000	471.968756
28.342000	564.862120
28.440000	658.703746
28.538000	753.496913
28.636000	849.244901
28.734000	945.950987
28.832000	1043.618452
28.930000	1142.250573
29.028000	1241.850630
29.126000	1342.421901
29.224000	1443.967666
29.322000	1546.491203
29.420000	1649.995791
29.518000	1754.484709
29.616000	1859.961236
29.714000	1966.428651
29.812000	2073.890232
29.910000	2182.349259
30.008000	2291.809010
30.106000	2402.272764
30.204000	2513.743801
30.302000	2626.225398
30.400000	2739.720835
30.498000	2854.233391
30.596000	2969.766344
30.694000	3086.322974
30.792000	3203.906559
30.890000	3322.520378
30.988000	3442.167710
31.086000	3562.851834
31.184000	3684.576029
31.282000	3807.343573
31.380000	3931.157746
31.478000	4056.021827
31.576000	4181.939093
31.674000	4308.912825
31.772000	4436.946301
31.870000	4566.042799
31.968000	4696.205599
32.066000	4827.437980
32.164000	4959.743221
32.262000	5093.124599
32.360000	5227.585395
32.458000	5363.128887
32.556000	5499.758354
32.654000	5637.477074
32.752000	5776.288328
32.850000	5916.195393
32.948000	6057.201548
33.046000	6199.310072
33.144000	6342.524245
33.242000	6486.847345
33.340000	6632.282650
33.438000	6778.833441
33.536000	6926.502995
33.634000	7075.294591
33.732000	7225.211509
33.830000	7376.257027
33.928000	7528.434424
34.026000	7681.746980
34.124000	7836.197972
34.222000	7991.790679
34.320000	8148.528382
34.418000	8306.414358
34.516000	8465.451886
34.614000	8625.644245
34.712000	8786.994714
34.810000	8949.506573
34.908000	9113.183099
35.006000	9278.027572
35.104000	9444.043270
35.202000	9611.233473
35.300000	9779.601459
35.398000	9949.150507
35.496000	10119.883896
35.594000	10291.804905
35.692000	10464.916813
35.790000	10639.222898
35.888000	10814.726440
35.986000	10991.430718
36.084000	11169.339009
36.182000	11348.454594
36.280000	11528.780751
36.378000	11710.320758
36.476000	11893.077895
36.574000	12077.055441
36.672000	12262.256674
36.770000	12448.684874
36.868000	12636.343318
36.966000	12825.235287
37.064000	13015.364059
37.162000	13206.732912
37.260000	13399.345127
37.358000	13593.203980
37.456000	13788.312753
37.554000	13984.674722
37.652000	14182.293167
37.750000	14381.171368
37.848000	14581.312603
37.946000	14782.720150
38.044000	14985.397289
38.142000	15189.347298
38.240000	15394.573457
38.338000	15601.079043
38.436000	15808.867338
38.534000	16017.941617
38.632000	16228.305162
38.730000	16439.961251
38.828000	16652.913162
38.926000	16867.164175
39.024000	17082.717567
39.122000	17299.576620
39.220000	17517.744610
39.318000	17737.224817
39.416000	17958.020520
39.514000	18180.134997
39.612000	18403.571528
39.710000	18628.333392
39.808000	18854.423866
39.906000	19081.846231
40.004000	19310.603765
40.102000	19540.699747
40.200000	19772.137455
40.298000	20004.920169
40.396000	20239.051168
40.494000	20474.533730
40.592000	20711.371134
40.690000	20949.566660
40.788000	21189.123585
40.886000	21430.045189
40.984000	21672.334751
41.082000	21915.995549
41.180000	22161.030863
41.278000	22407.443971
41.376000	22655.238152
41.474000	22904.416686
41.572000	23154.982850
41.670000	23406.939924
41.768000	23660.291187
41.866000	23915.039917
41.964000	24171.189394
42.062000	24428.742896
42.160000	24687.703702
42.258000	24948.075091
42.356000	25209.860342
42.454000	25473.062734
42.552000	25737.685545
42.650000	26003.732055
42.748000	26271.205542
42.846000	26540.109286
42.944000	26810.446564
43.042000	27082.220657
43.140000	27355.434842
43.238000	27630.092399
43.336000	27906.196607
43.434000	28183.750744
43.532000	28462.758089
43.630000	28743.221922
43.728000	29025.145520
43.826000	29308.532164
43.924000	29593.385131
44.022000	29879.707701
44.120000	30167.503152
44.218000	30456.774764
44.316000	30747.525815
44.414000	31039.759585
44.512000	31333.479351
44.610000	31628.688393
44.708000	31925.389990
44.806000	32223.587421
44.904000	32523.283964
45.002000	32824.482898
45.100000	33127.187502
45.198000	33431.401056
45.296000	33737.126838
45.394000	34044.368126
45.492000	34353.128200
45.590000	34663.410339
45.688000	34975.217821
45.786000	35288.553926
45.884000	35603.421931
45.982000	35919.825117
46.080000	36237.766762
46.178000	36557.250144
46.276000	36878.278543
46.374000	37200.855238
46.472000	37524.983507
46.570000	37850.666629
46.668000	38177.907883
46.766000	38506.710549
46.864000	38837.077904
46.962000	39169.013228
47.060000	39502.519799
47.158000	39837.600897
47.256000	40174.259801
47.354000	40512.499788
47.452000	40852.324139
47.550000	41193.736132
47.648000	41536.739045
47.746000	41881.336158
47.844000	42227.530750
47.942000	42575.326099
48.040000	42924.725485
48.138000	43275.732186
48.236000	43628.349480
48.334000	43982.580648
48.432000	44338.428967
48.530000	44695.897717
48.628000	45054.990177
48.726000	45415.709625
48.824000	45778.059340
48.922000	46142.042602
49.020000	46507.662688
49.118000	46874.922878
49.216000	47243.826451
49.314000	47614.376686
49.412000	47986.576861
49.510000	48360.430255
49.608000	48735.940148
49.706000	49113.109818
49.804000	49491.942543
49.902000	49872.441604
50.000000	50254.610278
