0.033000	-0.610812
0.044934	-0.618069
0.056868	-0.625360
0.068802	-0.632672
0.080736	-0.639993
0.092670	-0.647308
0.104604	-0.654604
0.116538	-0.661869
0.128472	-0.669090
0.140406	-0.676252
0.152340	-0.683343
0.164274	-0.690350
0.176208	-0.697260
0.188142	-0.704060
0.200076	-0.710736
0.212010	-0.717276
0.223944	-0.723666
0.235878	-0.729894
0.247812	-0.735946
0.259746	-0.741810
0.271680	-0.747472
0.283614	-0.752920
0.295548	-0.758141
0.307482	-0.763121
0.319416	-0.767849
0.331350	-0.772310
0.343284	-0.776492
0.355218	-0.780382
0.367152	-0.783968
0.379086	-0.787236
0.391020	-0.790173
0.402954	-0.792768
0.414888	-0.795007
0.426822	-0.796877
0.438756	-0.798365
0.450690	-0.799460
0.462624	-0.800148
0.474558	-0.800416
0.486492	-0.800252
0.498426	-0.799643
0.510360	-0.798577
0.522294	-0.797041
0.534228	-0.795022
0.546162	-0.792508
0.558096	-0.789486
0.570030	-0.785944
0.581964	-0.781869
0.593898	-0.777249
0.605832	-0.772071
0.617766	-0.766323
0.629700	-0.759992
0.641634	-0.753067
0.653568	-0.745534
0.665502	-0.737381
0.677436	-0.728597
0.689370	-0.719168
0.701304	-0.709082
0.713238	-0.698328
0.725172	-0.686892
0.737106	-0.674763
0.749040	-0.661929
0.760974	-0.648377
0.772908	-0.634095
0.784842	-0.619071
0.796776	-0.603293
0.808710	-0.586750
0.820644	-0.569428
0.832578	-0.551316
0.844512	-0.532402
0.856446	-0.512674
0.868380	-0.492121
0.880314	-0.470729
0.892248	-0.448488
0.904182	-0.425385
0.916116	-0.401409
0.928050	-0.376548
0.939984	-0.350790
0.951918	-0.324124
0.963852	-0.296537
0.975786	-0.268019
0.987720	-0.238557
0.999654	-0.208140
1.011588	-0.176756
1.023522	-0.144395
1.035456	-0.111043
1.047390	-0.076691
1.059324	-0.041326
1.071258	-0.004937
1.083192	0.032487
1.095126	0.070958
1.107060	0.110487
1.118994	0.151085
1.130928	0.192763
1.142862	0.235532
1.154796	0.279405
1.166730	0.324391
1.178664	0.370502
1.190598	0.417748
1.202532	0.466142
1.214466	0.515693
1.226400	0.566413
1.238334	0.618313
1.250268	0.671403
1.262202	0.725694
1.274136	0.781197
1.286070	0.837922
1.298004	0.895881
1.309938	0.955084
1.321872	1.015541
1.333806	1.077263
1.345740	1.140260
1.357674	1.204544
1.369608	1.270124
1.381542	1.337010
1.393476	1.405213
1.405410	1.474743
1.417344	1.545611
1.429278	1.617826
1.441212	1.691399
1.453146	1.766340
1.465080	1.842658
1.477014	1.920363
1.488948	1.999467
1.500882	2.079977
1.512816	2.161905
1.524750	2.245259
1.536684	2.330050
1.548618	2.416288
1.560552	2.503981
1.572486	2.593139
1.584420	2.683772
1.596354	2.775889
1.608288	2.869500
1.620222	2.964613
1.632156	3.061239
1.644090	3.159385
1.656024	3.259062
1.667958	3.360278
1.679892	3.463042
1.691826	3.567364
1.703760	3.673251
1.715694	3.780713
1.727628	3.889759
1.739562	4.000397
1.751496	4.112636
1.763430	4.226484
1.775364	4.341949
1.787298	4.459041
1.799232	4.577767
1.811166	4.698136
1.823100	4.820156
1.835034	4.943834
1.846968	5.069180
1.858902	5.196200
1.870836	5.324903
1.882770	5.455296
1.894704	5.587388
1.906638	5.721185
1.918572	5.856696
1.930506	5.993928
1.942440	6.132887
1.954374	6.273583
1.966308	6.416021
1.978242	6.560209
1.990176	6.706154
2.002110	6.853863
2.014044	7.003342
2.025978	7.154599
2.037912	7.307641
2.049846	7.462473
2.061780	7.619103
2.073714	7.777536
2.085648	7.937780
2.097582	8.099840
2.109516	8.263722
2.121450	8.429433
2.133384	8.596979
2.145318	8.766365
2.157252	8.937597
2.169186	9.110680
2.181120	9.285621
2.193054	9.462424
2.204988	9.641096
2.216922	9.821640
2.228856	10.004063
2.240790	10.188369
2.252724	10.374564
2.264658	10.562651
2.276592	10.752636
2.288526	10.944523
2.300460	11.138316
2.312394	11.334020
2.324328	11.531640
2.336262	11.731178
2.348196	11.932640
2.360130	12.136028
2.372064	12.341347
2.383998	12.548600
2.395932	12.757791
2.407866	12.968923
2.419800	13.181998
2.431734	13.397021
2.443668	13.613994
2.455602	13.832919
2.467536	14.053800
2.479470	14.276639
2.491404	14.501438
2.503338	14.728199
2.515272	14.956925
2.527206	15.187618
2.539140	15.420278
2.551074	15.654909
2.563008	15.891511
2.574942	16.130085
2.586876	16.370633
2.598810	16.613156
2.610744	16.857655
2.622678	17.104130
2.634612	17.352581
2.646546	17.603010
2.658480	17.855416
2.670414	18.109800
2.682348	18.366160
2.694282	18.624498
2.706216	18.884812
2.718150	19.147102
2.730084	19.411366
2.742018	19.677605
2.753952	19.945816
2.765886	20.215998
2.777820	20.488149
2.789754	20.762269
2.801688	21.038354
2.813622	21.316403
2.825556	21.596413
2.837490	21.878381
2.849424	22.162306
2.861358	22.448183
2.873292	22.736010
2.885226	23.025784
2.897160	23.317500
2.909094	23.611155
2.921028	23.906745
2.932962	24.204265
2.944896	24.503711
2.956830	24.805079
2.968764	25.108363
2.980698	25.413559
2.992632	25.720660
3.004566	26.029662
3.016500	26.340557
3.028434	26.653341
3.040368	26.968007
3.052302	27.284548
3.064236	27.602958
3.076170	27.923228
3.088104	28.245353
3.100038	28.569324
3.111972	28.895133
3.123906	29.222772
3.135840	29.552233
3.147774	29.883507
3.159708	30.216585
3.171642	30.551458
3.183576	30.888116
3.195510	31.226550
3.207444	31.566749
3.219378	31.908703
3.231312	32.252401
3.243246	32.597832
3.255180	32.944985
3.267114	33.293848
3.279048	33.644410
3.290982	33.996658
3.302916	34.350579
3.314850	34.706161
3.326784	35.063390
3.338718	35.422253
3.350652	35.782737
3.362586	36.144826
3.374520	36.508506
3.386454	36.873763
3.398388	37.240581
3.410322	37.608944
3.422256	37.978837
3.434190	38.350243
3.446124	38.723146
3.458058	39.097528
3.469992	39.473372
3.481926	39.850660
3.493860	40.229374
3.505794	40.609496
3.517728	40.991006
3.529662	41.373885
3.541596	41.758114
3.553530	42.143671
3.565464	42.530537
3.577398	42.918690
3.589332	43.308109
3.601266	43.698773
3.613200	44.090657
3.625134	44.483741
3.637068	44.878001
3.649002	45.273412
3.660936	45.669952
3.672870	46.067595
3.684804	46.466316
3.696738	46.866090
3.708672	47.266891
3.720606	47.668693
3.732540	48.071468
3.744474	48.475188
3.756408	48.879827
3.768342	49.285356
3.780276	49.691745
3.792210	50.098965
3.804144	50.506986
3.816078	50.915777
3.828012	51.325308
3.839946	51.735547
3.851880	52.146462
3.863814	52.558019
3.875748	52.970186
3.887682	53.382928
3.899616	53.796212
3.911550	54.210001
3.923484	54.624262
3.935418	55.038956
3.947352	55.454048
3.959286	55.869500
3.971220	56.285274
3.983154	56.701331
3.995088	57.117632
4.007022	57.534137
4.018956	57.950805
4.030890	58.367596
4.042824	58.784466
4.054758	59.201373
4.066692	59.618275
4.078626	60.035126
4.090560	60.451883
4.102494	60.868500
4.114428	61.284930
4.126362	61.701128
4.138296	62.117045
4.150230	62.532632
4.162164	62.947842
4.174098	63.362624
4.186032	63.776927
4.197966	64.190700
4.209900	64.603891
4.221834	65.016447
4.233768	65.428313
4.245702	65.839437
4.257636	66.249761
4.269570	66.659230
4.281504	67.067787
4.293438	67.475373
4.305372	67.881930
4.317306	68.287398
4.329240	68.691717
4.341174	69.094825
4.353108	69.496659
4.365042	69.897156
4.376976	70.296253
4.388910	70.693883
4.400844	71.089980
4.412778	71.484478
4.424712	71.877309
4.436646	72.268402
4.448580	72.657689
4.460514	73.045097
4.472448	73.430556
4.484382	73.813991
4.496316	74.195328
4.508250	74.574493
4.520184	74.951409
4.532118	75.325998
4.544052	75.698181
4.555986	76.067880
4.567920	76.435013
4.579854	76.799499
4.591788	77.161253
4.603722	77.520193
4.615656	77.876233
4.627590	78.229285
4.639524	78.579262
4.651458	78.926076
4.663392	79.269635
4.675326	79.609848
4.687260	79.946623
4.699194	80.279865
4.711128	80.609478
4.723062	80.935366
4.734996	81.257432
4.746930	81.575574
4.758864	81.889694
4.770798	82.199688
4.782732	82.505452
4.794666	82.806883
4.806600	83.103873
4.818534	83.396315
4.830468	83.684099
4.842402	83.967115
4.854336	84.245249
4.866270	84.518389
4.878204	84.786419
4.890138	85.049222
4.902072	85.306679
4.914006	85.558671
4.925940	85.805075
4.937874	86.045768
4.949808	86.280626
4.961742	86.509521
4.973676	86.732326
4.985610	86.948910
4.997544	87.159141
5.009478	87.362885
5.021412	87.560009
5.033346	87.750373
5.045280	87.933840
5.057214	88.110268
5.069148	88.279515
5.081082	88.441436
5.093016	88.595886
5.104950	88.742714
5.116884	88.881772
5.128818	89.012907
5.140752	89.135964
5.152686	89.250787
5.164620	89.357219
5.176554	89.455097
5.188488	89.544260
5.200422	89.624544
5.212356	89.695781
5.224290	89.757802
5.236224	89.810436
5.248158	89.853510
5.260092	89.886848
5.272026	89.910272
5.283960	89.923602
5.295894	89.926655
5.307828	89.919246
5.319762	89.901188
5.331696	89.872292
5.343630	89.832364
5.355564	89.781210
5.367498	89.718633
5.379432	89.644434
5.391366	89.558409
5.403300	89.460355
5.415234	89.350062
5.427168	89.227322
5.439102	89.091921
5.451036	88.943644
5.462970	88.782272
5.474904	88.607584
5.486838	88.419357
5.498772	88.217362
5.510706	88.001371
5.522640	87.771150
5.534574	87.526464
5.546508	87.267075
5.558442	86.992740
5.570376	86.703215
5.582310	86.398252
5.594244	86.077600
5.606178	85.741005
5.618112	85.388209
5.630046	85.018951
5.641980	84.632968
5.653914	84.229992
5.665848	83.809753
5.677782	83.371975
5.689716	82.916383
5.701650	82.442694
5.713584	81.950623
5.725518	81.439884
5.737452	80.910183
5.749386	80.361225
5.761320	79.792712
5.773254	79.204339
5.785188	78.595800
5.797122	77.966784
5.809056	77.316977
5.820990	76.646060
5.832924	75.953710
5.844858	75.239602
5.856792	74.503403
5.868726	73.744780
5.880660	72.963394
5.892594	72.158900
5.904528	71.330952
5.916462	70.479198
5.928396	69.603281
5.940330	68.702841
5.952264	67.777511
5.964198	66.826924
5.976132	65.850703
5.988066	64.848471
6.000000	63.819843
