1.000000	-10355.966683
1.098000	-10268.187204
1.196000	-10180.407726
1.294000	-10092.628247
1.392000	-10004.848768
1.490000	-9917.069290
1.588000	-9829.289811
1.686000	-9741.510332
1.784000	-9653.730854
1.882000	-9565.951375
1.980000	-9478.171896
2.078000	-9390.392417
2.176000	-9302.612939
2.274000	-9214.833460
2.372000	-9127.053981
2.470000	-9039.274503
2.568000	-8951.495024
2.666000	-8863.715545
2.764000	-8775.936067
2.862000	-8688.156588
2.960000	-8600.377109
3.058000	-8512.597631
3.156000	-8424.818152
3.254000	-8337.038673
3.352000	-8249.259195
3.450000	-8161.479716
3.548000	-8073.700237
3.646000	-7985.920758
3.744000	-7898.141280
3.842000	-7810.361801
3.940000	-7722.582322
4.038000	-7634.802844
4.136000	-7547.023365
4.234000	-7459.243886
4.332000	-7371.464408
4.430000	-7283.684929
4.528000	-7195.905450
4.626000	-7108.125972
4.724000	-7020.346493
4.822000	-6932.567014
4.920000	-6844.787536
5.018000	-6757.008057
5.116000	-6669.228578
5.214000	-6581.449099
5.312000	-6493.669621
5.410000	-6405.890142
5.508000	-6318.110663
5.606000	-6230.331185
5.704000	-6142.551706
5.802000	-6054.772227
5.900000	-5966.992749
5.998000	-5879.213270
6.096000	-5791.433791
6.194000	-5703.654313
6.292000	-5615.874834
6.390000	-5528.095355
6.488000	-5440.315877
6.586000	-5352.536398
6.684000	-5264.756919
6.782000	-5176.977440
6.880000	-5089.197962
6.978000	-5001.418483
7.076000	-4913.639004
7.174000	-4825.859526
7.272000	-4738.080047
7.370000	-4650.300568
7.468000	-4562.521090
7.566000	-4474.741611
7.664000	-4386.962132
7.762000	-4299.182654
7.860000	-4211.403175
7.958000	-4123.623696
8.056000	-4035.844218
8.154000	-3948.064739
8.252000	-3860.285260
8.350000	-3772.505781
8.448000	-3684.726303
8.546000	-3596.946824
8.644000	-3509.167345
8.742000	-3421.387867
8.840000	-3333.608388
8.938000	-3245.828909
9.036000	-3158.049431
9.134000	-3070.269952
9.232000	-2982.490473
9.330000	-2894.710995
9.428000	-2806.931516
9.526000	-2719.152037
9.624000	-2631.372559
9.722000	-2543.593080
9.820000	-2455.813601
9.918000	-2368.034122
10.016000	-2280.254644
10.114000	-2192.475165
10.212000	-2104.695686
10.310000	-2016.916208
10.408000	-1929.136729
10.506000	-1841.357250
10.604000	-1753.577772
10.702000	-1665.798293
10.800000	-1578.018814
10.898000	-1490.239336
10.996000	-1402.459857
11.094000	-1314.680378
11.192000	-1226.900900
11.290000	-1139.121421
11.388000	-1051.341942
11.486000	-963.562463
11.584000	-875.782985
11.682000	-788.003506
11.780000	-700.224027
11.878000	-612.444549
11.976000	-524.665070
12.074000	-436.885591
12.172000	-349.106113
12.270000	-261.326634
12.368000	-173.547155
12.466000	-85.767677
12.564000	2.011802
12.662000	89.791281
12.760000	177.570759
12.858000	265.350238
12.956000	353.129717
13.054000	440.909195
13.152000	528.688674
13.250000	616.468153
13.348000	704.247632
13.446000	792.027110
13.544000	879.806589
13.642000	967.586068
13.740000	1055.365546
13.838000	1143.145025
13.936000	1230.924504
14.034000	1318.703982
14.132000	1406.483461
14.230000	1494.262940
14.328000	1582.042418
14.426000	1669.821897
14.524000	1757.601376
14.622000	1845.380854
14.720000	1933.160333
14.818000	2020.939812
14.916000	2108.719291
15.014000	2196.498769
15.112000	2284.278248
15.210000	2372.057727
15.308000	2459.837205
15.406000	2547.616684
15.504000	2635.396163
15.602000	2723.175641
15.700000	2810.955120
15.798000	2898.734599
15.896000	2986.514077
15.994000	3074.293556
16.092000	3162.073035
16.190000	3249.852513
16.288000	3337.631992
16.386000	3425.411471
16.484000	3513.190950
16.582000	3600.970428
16.680000	3688.749907
16.778000	3776.529386
16.876000	3864.308864
16.974000	3952.088343
17.072000	4039.867822
17.170000	4127.647300
17.268000	4215.426779
17.366000	4303.206258
17.464000	4390.985736
17.562000	4478.765215
17.660000	4566.544694
17.758000	4654.324172
17.856000	4742.103651
17.954000	4829.883130
18.052000	4917.662609
18.150000	5005.442087
18.248000	5093.221566
18.346000	5181.001045
18.444000	5268.780523
18.542000	5356.560002
18.640000	5444.339481
18.738000	5532.118959
18.836000	5619.898438
18.934000	5707.677917
19.032000	5795.457395
19.130000	5883.236874
19.228000	5971.016353
19.326000	6058.795831
19.424000	6146.575310
19.522000	6234.354789
19.620000	6322.134268
19.718000	6409.913746
19.816000	6497.693225
19.914000	6585.472704
20.012000	6673.252182
20.110000	6761.031661
20.208000	6848.811140
20.306000	6936.590618
20.404000	7024.370097
20.502000	7112.149576
20.600000	7199.929054
20.698000	7287.708533
20.796000	7375.488012
20.894000	7463.267490
20.992000	7551.046969
21.090000	7638.826448
21.188000	7726.605927
21.286000	7814.385405
21.384000	7902.164884
21.482000	7989.944363
21.580000	8077.723841
21.678000	8165.503320
21.776000	8253.282799
21.874000	8341.062277
21.972000	8428.841756
22.070000	8516.621235
22.168000	8604.400713
22.266000	8692.180192
22.364000	8779.959671
22.462000	8867.739149
22.560000	8955.518628
22.658000	9043.298107
22.756000	9131.077585
22.854000	9218.857064
22.952000	9306.636543
23.050000	9394.416022
23.148000	9482.195500
23.246000	9569.974979
23.344000	9657.754458
23.442000	9745.533936
23.540000	9833.313415
23.638000	9921.092894
23.736000	10008.872372
23.834000	10096.651851
23.932000	10184.431330
24.030000	10272.210808
24.128000	10359.990287
24.226000	10447.769766
24.324000	10535.549244
24.422000	10623.328723
24.520000	10711.108202
24.618000	10798.887681
24.716000	10886.667159
24.814000	10974.446638
24.912000	11062.226117
25.010000	11150.005595
25.108000	11237.785074
25.206000	11325.564553
25.304000	11413.344031
25.402000	11501.123510
25.500000	11588.902989
25.598000	11676.682467
25.696000	11764.461946
25.794000	11852.241425
25.892000	11940.020903
25.990000	12027.800382
26.088000	12115.579861
26.186000	12203.359340
26.284000	12291.138818
26.382000	12378.918297
26.480000	12466.697776
26.578000	12554.477254
26.676000	12642.256733
26.774000	12730.036212
26.872000	12817.815690
26.970000	12905.595169
27.068000	12993.374648
27.166000	13081.154126
27.264000	13168.933605
27.362000	13256.713084
27.460000	13344.492562
27.558000	13432.272041
27.656000	13520.051520
27.754000	13607.830999
27.852000	13695.610477
27.950000	13783.389956
28.048000	13871.169435
28.146000	13958.948913
28.244000	14046.728392
28.342000	14134.507871
28.440000	14222.287349
28.538000	14310.066828
28.636000	14397.846307
28.734000	14485.625785
28.832000	14573.405264
28.930000	14661.184743
29.028000	14748.964221
29.126000	14836.743700
29.224000	14924.523179
29.322000	15012.302658
29.420000	15100.082136
29.518000	15187.861615
29.616000	15275.641094
29.714000	15363.420572
29.812000	15451.200051
29.910000	15538.979530
30.008000	15626.759008
30.106000	15714.538487
30.204000	15802.317966
30.302000	15890.097444
30.400000	15977.876923
30.498000	16065.656402
30.596000	16153.435880
30.694000	16241.215359
30.792000	16328.994838
30.890000	16416.774317
30.988000	16504.553795
31.086000	16592.333274
31.184000	16680.112753
31.282000	16767.892231
31.380000	16855.671710
31.478000	16943.451189
31.576000	17031.230667
31.674000	17119.010146
31.772000	17206.789625
31.870000	17294.569103
31.968000	17382.348582
32.066000	17470.128061
32.164000	17557.907539
32.262000	17645.687018
32.360000	17733.466497
32.458000	17821.245976
32.556000	17909.025454
32.654000	17996.804933
32.752000	18084.584412
32.850000	18172.363890
32.948000	18260.143369
33.046000	18347.922848
33.144000	18435.702326
33.242000	18523.481805
33.340000	18611.261284
33.438000	18699.040762
33.536000	18786.820241
33.634000	18874.599720
33.732000	18962.379198
33.830000	19050.158677
33.928000	19137.938156
34.026000	19225.717634
34.124000	19313.497113
34.222000	19401.276592
34.320000	19489.056071
34.418000	19576.835549
34.516000	19664.615028
34.614000	19752.394507
34.712000	19840.173985
34.810000	19927.953464
34.908000	20015.732943
35.006000	20103.512421
35.104000	20191.291900
35.202000	20279.071379
35.300000	20366.850857
35.398000	20454.630336
35.496000	20542.409815
35.594000	20630.189293
35.692000	20717.968772
35.790000	20805.748251
35.888000	20893.527730
35.986000	20981.307208
36.084000	21069.086687
36.182000	21156.866166
36.280000	21244.645644
36.378000	21332.425123
36.476000	21420.204602
36.574000	21507.984080
36.672000	21595.763559
36.770000	21683.543038
36.868000	21771.322516
36.966000	21859.101995
37.064000	21946.881474
37.162000	22034.660952
37.260000	22122.440431
37.358000	22210.219910
37.456000	22297.999389
37.554000	22385.778867
37.652000	22473.558346
37.750000	22561.337825
37.848000	22649.117303
37.946000	22736.896782
38.044000	22824.676261
38.142000	22912.455739
38.240000	23000.235218
38.338000	23088.014697
38.436000	23175.794175
38.534000	23263.573654
38.632000	23351.353133
38.730000	23439.132611
38.828000	23526.912090
38.926000	23614.691569
39.024000	23702.471048
39.122000	23790.250526
39.220000	23878.030005
39.318000	23965.809484
39.416000	24053.588962
39.514000	24141.368441
39.612000	24229.147920
39.710000	24316.927398
39.808000	24404.706877
39.906000	24492.486356
40.004000	24580.265834
40.102000	24668.045313
40.200000	24755.824792
40.298000	24843.604270
40.396000	24931.383749
40.494000	25019.163228
40.592000	25106.942707
40.690000	25194.722185
40.788000	25282.501664
40.886000	25370.281143
40.984000	25458.060621
41.082000	25545.840100
41.180000	25633.619579
41.278000	25721.399057
41.376000	25809.178536
41.474000	25896.958015
41.572000	25984.737493
41.670000	26072.516972
41.768000	26160.296451
41.866000	26248.075929
41.964000	26335.855408
42.062000	26423.634887
42.160000	26511.414366
42.258000	26599.193844
42.356000	26686.973323
42.454000	26774.752802
42.552000	26862.532280
42.650000	26950.311759
42.748000	27038.091238
42.846000	27125.870716
42.944000	27213.650195
43.042000	27301.429674
43.140000	27389.209152
43.238000	27476.988631
43.336000	27564.768110
43.434000	27652.547588
43.532000	27740.327067
43.630000	27828.106546
43.728000	27915.886024
43.826000	28003.665503
43.924000	28091.444982
44.022000	28179.224461
44.120000	28267.003939
44.218000	28354.783418
44.316000	28442.562897
44.414000	28530.342375
44.512000	28618.121854
44.610000	28705.901333
44.708000	28793.680811
44.806000	28881.460290
44.904000	28969.239769
45.002000	29057.019247
45.100000	29144.798726
45.198000	29232.578205
45.296000	29320.357683
45.394000	29408.137162
45.492000	29495.916641
45.590000	29583.696120
45.688000	29671.475598
45.786000	29759.255077
45.884000	29847.034556
45.982000	29934.814034
46.080000	30022.593513
46.178000	30110.372992
46.276000	30198.152470
46.374000	30285.931949
46.472000	30373.711428
46.570000	30461.490906
46.668000	30549.270385
46.766000	30637.049864
46.864000	30724.829342
46.962000	30812.608821
47.060000	30900.388300
47.158000	30988.167779
47.256000	31075.947257
47.354000	31163.726736
47.452000	31251.506215
47.550000	31339.285693
47.648000	31427.065172
47.746000	31514.844651
47.844000	31602.624129
47.942000	31690.403608
48.040000	31778.183087
48.138000	31865.962565
48.236000	31953.742044
48.334000	32041.521523
48.432000	32129.301001
48.530000	32217.080480
48.628000	32304.859959
48.726000	32392.639438
48.824000	32480.418916
48.922000	32568.198395
49.020000	32655.977874
49.118000	32743.757352
49.216000	32831.536831
49.314000	32919.316310
49.412000	33007.095788
49.510000	33094.875267
49.608000	33182.654746
49.706000	33270.434224
49.804000	33358.213703
49.902000	33445.993182
50.000000	33533.772660
