242.000000	21.511749
242.516000	21.540810
243.032000	21.569799
243.548000	21.598717
244.064000	21.627563
244.580000	21.656338
245.096000	21.685041
245.612000	21.713673
246.128000	21.742233
246.644000	21.770721
247.160000	21.799138
247.676000	21.827484
248.192000	21.855758
248.708000	21.883960
249.224000	21.912091
249.740000	21.940151
250.256000	21.968139
250.772000	21.996055
251.288000	22.023900
251.804000	22.051673
252.320000	22.079375
252.836000	22.107005
253.352000	22.134564
253.868000	22.162051
254.384000	22.189467
254.900000	22.216811
255.416000	22.244084
255.932000	22.271285
256.448000	22.298415
256.964000	22.325473
257.480000	22.352460
257.996000	22.379375
258.512000	22.406218
259.028000	22.432990
259.544000	22.459691
260.060000	22.486320
260.576000	22.512877
261.092000	22.539363
261.608000	22.565778
262.124000	22.592121
262.640000	22.618392
263.156000	22.644592
263.672000	22.670720
264.188000	22.696777
264.704000	22.722762
265.220000	22.748676
265.736000	22.774518
266.252000	22.800289
266.768000	22.825988
267.284000	22.851616
267.800000	22.877172
268.316000	22.902657
268.832000	22.928070
269.348000	22.953412
269.864000	22.978682
270.380000	23.003880
270.896000	23.029007
271.412000	23.054063
271.928000	23.079047
272.444000	23.103959
272.960000	23.128800
273.476000	23.153570
273.992000	23.178268
274.508000	23.202894
275.024000	23.227449
275.540000	23.251932
276.056000	23.276344
276.572000	23.300684
277.088000	23.324953
277.604000	23.349150
278.120000	23.373276
278.636000	23.397330
279.152000	23.421313
279.668000	23.445224
280.184000	23.469064
280.700000	23.492832
281.216000	23.516529
281.732000	23.540154
282.248000	23.563707
282.764000	23.587189
283.280000	23.610600
283.796000	23.633939
284.312000	23.657206
284.828000	23.680402
285.344000	23.703527
285.860000	23.726580
286.376000	23.749561
286.892000	23.772471
287.408000	23.795309
287.924000	23.818076
288.440000	23.840772
288.956000	23.863395
289.472000	23.885948
289.988000	23.908428
290.504000	23.930838
291.020000	23.953175
291.536000	23.975442
292.052000	23.997636
292.568000	24.019759
293.084000	24.041811
293.600000	24.063791
294.116000	24.085700
294.632000	24.107537
295.148000	24.129302
295.664000	24.150996
296.180000	24.172619
296.696000	24.194170
297.212000	24.215649
297.728000	24.237057
298.244000	24.258393
298.760000	24.279658
299.276000	24.300852
299.792000	24.321974
300.308000	24.343024
300.824000	24.364003
301.340000	24.384910
301.856000	24.405746
302.372000	24.426510
302.888000	24.447203
303.404000	24.467824
303.920000	24.488373
304.436000	24.508852
304.952000	24.529258
305.468000	24.549593
305.984000	24.569857
306.500000	24.590049
307.016000	24.610169
307.532000	24.630219
308.048000	24.650196
308.564000	24.670102
309.080000	24.689936
309.596000	24.709699
310.112000	24.729391
310.628000	24.749011
311.144000	24.768559
311.660000	24.788036
312.176000	24.807441
312.692000	24.826775
313.208000	24.846037
313.724000	24.865228
314.240000	24.884347
314.756000	24.903395
315.272000	24.922371
315.788000	24.941276
316.304000	24.960109
316.820000	24.978871
317.336000	24.997561
317.852000	25.016179
318.368000	25.034726
318.884000	25.053202
319.400000	25.071606
319.916000	25.089938
320.432000	25.108199
320.948000	25.126389
321.464000	25.144507
321.980000	25.162553
322.496000	25.180528
323.012000	25.198431
323.528000	25.216263
324.044000	25.234024
324.560000	25.251712
325.076000	25.269330
325.592000	25.286875
326.108000	25.304350
326.624000	25.321752
327.140000	25.339084
327.656000	25.356343
328.172000	25.373531
328.688000	25.390648
329.204000	25.407693
329.720000	25.424667
330.236000	25.441569
330.752000	25.458399
331.268000	25.475158
331.784000	25.491846
332.300000	25.508462
332.816000	25.525006
333.332000	25.541479
333.848000	25.557881
334.364000	25.574211
334.880000	25.590469
335.396000	25.606656
335.912000	25.622771
336.428000	25.638815
336.944000	25.654787
337.460000	25.670688
337.976000	25.686517
338.492000	25.702275
339.008000	25.717961
339.524000	25.733576
340.040000	25.749119
340.556000	25.764591
341.072000	25.779991
341.588000	25.795319
342.104000	25.810576
342.620000	25.825762
343.136000	25.840876
343.652000	25.855918
344.168000	25.870889
344.684000	25.885789
345.200000	25.900617
345.716000	25.915373
346.232000	25.930058
346.748000	25.944671
347.264000	25.959213
347.780000	25.973684
348.296000	25.988082
348.812000	26.002410
349.328000	26.016666
349.844000	26.030850
350.360000	26.044962
350.876000	26.059004
351.392000	26.072973
351.908000	26.086872
352.424000	26.100698
352.940000	26.114453
353.456000	26.128137
353.972000	26.141749
354.488000	26.155290
355.004000	26.168759
355.520000	26.182156
356.036000	26.195482
356.552000	26.208736
357.068000	26.221919
357.584000	26.235031
358.100000	26.248071
358.616000	26.261039
359.132000	26.273936
359.648000	26.286761
360.164000	26.299515
360.680000	26.312197
361.196000	26.324808
361.712000	26.337347
362.228000	26.349815
362.744000	26.362211
363.260000	26.374536
363.776000	26.386789
364.292000	26.398971
364.808000	26.411081
365.324000	26.423120
365.840000	26.435087
366.356000	26.446982
366.872000	26.458806
367.388000	26.470559
367.904000	26.482240
368.420000	26.493849
368.936000	26.505387
369.452000	26.516854
369.968000	26.528249
370.484000	26.539572
371.000000	26.550824
371.516000	26.562004
372.032000	26.573113
372.548000	26.584150
373.064000	26.595116
373.580000	26.606010
374.096000	26.616833
374.612000	26.627584
375.128000	26.638264
375.644000	26.648872
376.160000	26.659409
376.676000	26.669874
377.192000	26.680267
377.708000	26.690589
378.224000	26.700840
378.740000	26.711019
379.256000	26.721127
379.772000	26.731163
380.288000	26.741127
380.804000	26.751020
381.320000	26.760841
381.836000	26.770591
382.352000	26.780270
382.868000	26.789877
383.384000	26.799412
383.900000	26.808876
384.416000	26.818268
384.932000	26.827589
385.448000	26.836838
385.964000	26.846016
386.480000	26.855122
386.996000	26.864157
387.512000	26.873120
388.028000	26.882012
388.544000	26.890832
389.060000	26.899580
389.576000	26.908257
390.092000	26.916863
390.608000	26.925397
391.124000	26.933859
391.640000	26.942250
392.156000	26.950570
392.672000	26.958818
393.188000	26.966994
393.704000	26.975099
394.220000	26.983133
394.736000	26.991094
395.252000	26.998985
395.768000	27.006804
396.284000	27.014551
396.800000	27.022227
397.316000	27.029831
397.832000	27.037364
398.348000	27.044825
398.864000	27.052215
399.380000	27.059533
399.896000	27.066779
400.412000	27.073955
400.928000	27.081058
401.444000	27.088090
401.960000	27.095051
402.476000	27.101940
402.992000	27.108757
403.508000	27.115503
404.024000	27.122178
404.540000	27.128781
405.056000	27.135312
405.572000	27.141772
406.088000	27.148161
406.604000	27.154477
407.120000	27.160723
407.636000	27.166897
408.152000	27.172999
408.668000	27.179030
409.184000	27.184989
409.700000	27.190877
410.216000	27.196693
410.732000	27.202438
411.248000	27.208111
411.764000	27.213713
412.280000	27.219243
412.796000	27.224701
413.312000	27.230088
413.828000	27.235404
414.344000	27.240648
414.860000	27.245821
415.376000	27.250922
415.892000	27.255951
416.408000	27.260909
416.924000	27.265795
417.440000	27.270610
417.956000	27.275354
418.472000	27.280026
418.988000	27.284626
419.504000	27.289155
420.020000	27.293612
420.536000	27.297998
421.052000	27.302312
421.568000	27.306555
422.084000	27.310726
422.600000	27.314826
423.116000	27.318854
423.632000	27.322811
424.148000	27.326696
424.664000	27.330509
425.180000	27.334251
425.696000	27.337922
426.212000	27.341521
426.728000	27.345049
427.244000	27.348505
427.760000	27.351889
428.276000	27.355202
428.792000	27.358444
429.308000	27.361613
429.824000	27.364712
430.340000	27.367739
430.856000	27.370694
431.372000	27.373578
431.888000	27.376390
432.404000	27.379131
432.920000	27.381800
433.436000	27.384398
433.952000	27.386924
434.468000	27.389379
434.984000	27.391762
435.500000	27.394074
436.016000	27.396314
436.532000	27.398483
437.048000	27.400580
437.564000	27.402605
438.080000	27.404559
438.596000	27.406442
439.112000	27.408253
439.628000	27.409992
440.144000	27.411660
440.660000	27.413257
441.176000	27.414782
441.692000	27.416235
442.208000	27.417617
442.724000	27.418927
443.240000	27.420166
443.756000	27.421334
444.272000	27.422429
444.788000	27.423454
445.304000	27.424406
445.820000	27.425288
446.336000	27.426097
446.852000	27.426835
447.368000	27.427502
447.884000	27.428097
448.400000	27.428621
448.916000	27.429073
449.432000	27.429454
449.948000	27.429763
450.464000	27.430000
450.980000	27.430166
451.496000	27.430261
452.012000	27.430284
452.528000	27.430235
453.044000	27.430115
453.560000	27.429923
454.076000	27.429660
454.592000	27.429326
455.108000	27.428920
455.624000	27.428442
456.140000	27.427893
456.656000	27.427272
457.172000	27.426580
457.688000	27.425816
458.204000	27.424981
458.720000	27.424074
459.236000	27.423096
459.752000	27.422046
460.268000	27.420924
460.784000	27.419731
461.300000	27.418467
461.816000	27.417131
462.332000	27.415724
462.848000	27.414245
463.364000	27.412694
463.880000	27.411072
464.396000	27.409379
464.912000	27.407613
465.428000	27.405777
465.944000	27.403869
466.460000	27.401889
466.976000	27.399838
467.492000	27.397715
468.008000	27.395521
468.524000	27.393255
469.040000	27.390918
469.556000	27.388509
470.072000	27.386029
470.588000	27.383477
471.104000	27.380854
471.620000	27.378159
472.136000	27.375393
472.652000	27.372555
473.168000	27.369645
473.684000	27.366665
474.200000	27.363612
474.716000	27.360488
475.232000	27.357293
475.748000	27.354026
476.264000	27.350687
476.780000	27.347277
477.296000	27.343795
477.812000	27.340242
478.328000	27.336618
478.844000	27.332921
479.360000	27.329154
479.876000	27.325315
480.392000	27.321404
480.908000	27.317422
481.424000	27.313368
481.940000	27.309243
482.456000	27.305046
482.972000	27.300778
483.488000	27.296438
484.004000	27.292026
484.520000	27.287543
485.036000	27.282989
485.552000	27.278363
486.068000	27.273666
486.584000	27.268897
487.100000	27.264056
487.616000	27.259144
488.132000	27.254161
488.648000	27.249106
489.164000	27.243979
489.680000	27.238781
490.196000	27.233511
490.712000	27.228170
491.228000	27.222757
491.744000	27.217273
492.260000	27.211718
492.776000	27.206090
493.292000	27.200392
493.808000	27.194621
494.324000	27.188779
494.840000	27.182866
495.356000	27.176881
495.872000	27.170825
496.388000	27.164697
496.904000	27.158498
497.420000	27.152227
497.936000	27.145884
498.452000	27.139470
498.968000	27.132985
499.484000	27.126428
500.000000	27.119799
