7.300000	0.666325
7.307800	0.666006
7.315600	0.665685
7.323400	0.665361
7.331200	0.665035
7.339000	0.664708
7.346800	0.664377
7.354600	0.664045
7.362400	0.663710
7.370200	0.663374
7.378000	0.663035
7.385800	0.662694
7.393600	0.662350
7.401400	0.662005
7.409200	0.661657
7.417000	0.661307
7.424800	0.660955
7.432600	0.660600
7.440400	0.660244
7.448200	0.659885
7.456000	0.659524
7.463800	0.659161
7.471600	0.658796
7.479400	0.658428
7.487200	0.658058
7.495000	0.657686
7.502800	0.657312
7.510600	0.656936
7.518400	0.656557
7.526200	0.656176
7.534000	0.655793
7.541800	0.655408
7.549600	0.655021
7.557400	0.654631
7.565200	0.654239
7.573000	0.653845
7.580800	0.653449
7.588600	0.653051
7.596400	0.652650
7.604200	0.652247
7.612000	0.651842
7.619800	0.651435
7.627600	0.651026
7.635400	0.650614
7.643200	0.650200
7.651000	0.649784
7.658800	0.649366
7.666600	0.648946
7.674400	0.648523
7.682200	0.648098
7.690000	0.647671
7.697800	0.647242
7.705600	0.646811
7.713400	0.646377
7.721200	0.645941
7.729000	0.645503
7.736800	0.645063
7.744600	0.644621
7.752400	0.644176
7.760200	0.643729
7.768000	0.643280
7.775800	0.642829
7.783600	0.642376
7.791400	0.641920
7.799200	0.641462
7.807000	0.641002
7.814800	0.640540
7.822600	0.640076
7.830400	0.639609
7.838200	0.639140
7.846000	0.638669
7.853800	0.638196
7.861600	0.637721
7.869400	0.637243
7.877200	0.636763
7.885000	0.636281
7.892800	0.635797
7.900600	0.635310
7.908400	0.634822
7.916200	0.634331
7.924000	0.633838
7.931800	0.633343
7.939600	0.632845
7.947400	0.632346
7.955200	0.631844
7.963000	0.631340
7.970800	0.630833
7.978600	0.630325
7.986400	0.629814
7.994200	0.629301
8.002000	0.628786
8.009800	0.628269
8.017600	0.627750
8.025400	0.627228
8.033200	0.626704
8.041000	0.626178
8.048800	0.625650
8.056600	0.625119
8.064400	0.624587
8.072200	0.624052
8.080000	0.623515
8.087800	0.622976
8.095600	0.622434
8.103400	0.621890
8.111200	0.621345
8.119000	0.620797
8.126800	0.620246
8.134600	0.619694
8.142400	0.619139
8.150200	0.618582
8.158000	0.618023
8.165800	0.617462
8.173600	0.616898
8.181400	0.616333
8.189200	0.615765
8.197000	0.615195
8.204800	0.614623
8.212600	0.614048
8.220400	0.613471
8.228200	0.612893
8.236000	0.612311
8.243800	0.611728
8.251600	0.611143
8.259400	0.610555
8.267200	0.609965
8.275000	0.609373
8.282800	0.608779
8.290600	0.608182
8.298400	0.607584
8.306200	0.606983
8.314000	0.606380
8.321800	0.605774
8.329600	0.605167
8.337400	0.604557
8.345200	0.603945
8.353000	0.603331
8.360800	0.602715
8.368600	0.602096
8.376400	0.601476
8.384200	0.600853
8.392000	0.600228
8.399800	0.599600
8.407600	0.598971
8.415400	0.598339
8.423200	0.597705
8.431000	0.597069
8.438800	0.596431
8.446600	0.595790
8.454400	0.595148
8.462200	0.594503
8.470000	0.593855
8.477800	0.593206
8.485600	0.592555
8.493400	0.591901
8.501200	0.591245
8.509000	0.590587
8.516800	0.589927
8.524600	0.589264
8.532400	0.588599
8.540200	0.587932
8.548000	0.587263
8.555800	0.586592
8.563600	0.585918
8.571400	0.585243
8.579200	0.584565
8.587000	0.583885
8.594800	0.583202
8.602600	0.582518
8.610400	0.581831
8.618200	0.581142
8.626000	0.580451
8.633800	0.579758
8.641600	0.579062
8.649400	0.578364
8.657200	0.577664
8.665000	0.576962
8.672800	0.576258
8.680600	0.575551
8.688400	0.574843
8.696200	0.574132
8.704000	0.573418
8.711800	0.572703
8.719600	0.571986
8.727400	0.571266
8.735200	0.570544
8.743000	0.569820
8.750800	0.569093
8.758600	0.568365
8.766400	0.567634
8.774200	0.566901
8.782000	0.566166
8.789800	0.565429
8.797600	0.564689
8.805400	0.563947
8.813200	0.563203
8.821000	0.562457
8.828800	0.561709
8.836600	0.560958
8.844400	0.560205
8.852200	0.559450
8.860000	0.558693
8.867800	0.557934
8.875600	0.557172
8.883400	0.556409
8.891200	0.555643
8.899000	0.554874
8.906800	0.554104
8.914600	0.553331
8.922400	0.552557
8.930200	0.551780
8.938000	0.551000
8.945800	0.550219
8.953600	0.549436
8.961400	0.548650
8.969200	0.547862
8.977000	0.547072
8.984800	0.546279
8.992600	0.545485
9.000400	0.544688
9.008200	0.543889
9.016000	0.543088
9.023800	0.542284
9.031600	0.541479
9.039400	0.540671
9.047200	0.539861
9.055000	0.539049
9.062800	0.538234
9.070600	0.537418
9.078400	0.536599
9.086200	0.535778
9.094000	0.534955
9.101800	0.534129
9.109600	0.533302
9.117400	0.532472
9.125200	0.531640
9.133000	0.530806
9.140800	0.529969
9.148600	0.529131
9.156400	0.528290
9.164200	0.527447
9.172000	0.526601
9.179800	0.525754
9.187600	0.524904
9.195400	0.524053
9.203200	0.523199
9.211000	0.522342
9.218800	0.521484
9.226600	0.520623
9.234400	0.519761
9.242200	0.518895
9.250000	0.518028
9.257800	0.517159
9.265600	0.516287
9.273400	0.515413
9.281200	0.514537
9.289000	0.513659
9.296800	0.512779
9.304600	0.511896
9.312400	0.511011
9.320200	0.510124
9.328000	0.509235
9.335800	0.508343
9.343600	0.507450
9.351400	0.506554
9.359200	0.505656
9.367000	0.504756
9.374800	0.503853
9.382600	0.502949
9.390400	0.502042
9.398200	0.501133
9.406000	0.500221
9.413800	0.499308
9.421600	0.498392
9.429400	0.497475
9.437200	0.496554
9.445000	0.495632
9.452800	0.494708
9.460600	0.493781
9.468400	0.492852
9.476200	0.491921
9.484000	0.490988
9.491800	0.490052
9.499600	0.489115
9.507400	0.488175
9.515200	0.487233
9.523000	0.486289
9.530800	0.485342
9.538600	0.484393
9.546400	0.483443
9.554200	0.482489
9.562000	0.481534
9.569800	0.480577
9.577600	0.479617
9.585400	0.478655
9.593200	0.477691
9.601000	0.476725
9.608800	0.475756
9.616600	0.474786
9.624400	0.473813
9.632200	0.472838
9.640000	0.471860
9.647800	0.470881
9.655600	0.469899
9.663400	0.468915
9.671200	0.467929
9.679000	0.466941
9.686800	0.465951
9.694600	0.464958
9.702400	0.463963
9.710200	0.462966
9.718000	0.461967
9.725800	0.460965
9.733600	0.459961
9.741400	0.458955
9.749200	0.457947
9.757000	0.456937
9.764800	0.455925
9.772600	0.454910
9.780400	0.453893
9.788200	0.452874
9.796000	0.451853
9.803800	0.450829
9.811600	0.449803
9.819400	0.448775
9.827200	0.447745
9.835000	0.446713
9.842800	0.445678
9.850600	0.444642
9.858400	0.443603
9.866200	0.442562
9.874000	0.441518
9.881800	0.440473
9.889600	0.439425
9.897400	0.438375
9.905200	0.437323
9.913000	0.436269
9.920800	0.435212
9.928600	0.434154
9.936400	0.433093
9.944200	0.432029
9.952000	0.430964
9.959800	0.429897
9.967600	0.428827
9.975400	0.427755
9.983200	0.426681
9.991000	0.425605
9.998800	0.424526
10.006600	0.423445
10.014400	0.422362
10.022200	0.421277
10.030000	0.420190
10.037800	0.419100
10.045600	0.418009
10.053400	0.416915
10.061200	0.415818
10.069000	0.414720
10.076800	0.413620
10.084600	0.412517
10.092400	0.411412
10.100200	0.410305
10.108000	0.409195
10.115800	0.408084
10.123600	0.406970
10.131400	0.405854
10.139200	0.404736
10.147000	0.403616
10.154800	0.402493
10.162600	0.401368
10.170400	0.400241
10.178200	0.399112
10.186000	0.397981
10.193800	0.396847
10.201600	0.395711
10.209400	0.394573
10.217200	0.393433
10.225000	0.392291
10.232800	0.391146
10.240600	0.390000
10.248400	0.388851
10.256200	0.387699
10.264000	0.386546
10.271800	0.385391
10.279600	0.384233
10.287400	0.383073
10.295200	0.381911
10.303000	0.380746
10.310800	0.379580
10.318600	0.378411
10.326400	0.377240
10.334200	0.376067
10.342000	0.374891
10.349800	0.373714
10.357600	0.372534
10.365400	0.371352
10.373200	0.370168
10.381000	0.368981
10.388800	0.367793
10.396600	0.366602
10.404400	0.365409
10.412200	0.364214
10.420000	0.363016
10.427800	0.361817
10.435600	0.360615
10.443400	0.359411
10.451200	0.358205
10.459000	0.356996
10.466800	0.355786
10.474600	0.354573
10.482400	0.353358
10.490200	0.352141
10.498000	0.350921
10.505800	0.349700
10.513600	0.348476
10.521400	0.347250
10.529200	0.346022
10.537000	0.344791
10.544800	0.343559
10.552600	0.342324
10.560400	0.341087
10.568200	0.339848
10.576000	0.338606
10.583800	0.337363
10.591600	0.336117
10.599400	0.334869
10.607200	0.333619
10.615000	0.332366
10.622800	0.331112
10.630600	0.329855
10.638400	0.328596
10.646200	0.327334
10.654000	0.326071
10.661800	0.324805
10.669600	0.323538
10.677400	0.322268
10.685200	0.320995
10.693000	0.319721
10.700800	0.318444
10.708600	0.317165
10.716400	0.315884
10.724200	0.314601
10.732000	0.313316
10.739800	0.312028
10.747600	0.310738
10.755400	0.309446
10.763200	0.308152
10.771000	0.306855
10.778800	0.305557
10.786600	0.304256
10.794400	0.302953
10.802200	0.301648
10.810000	0.300340
10.817800	0.299031
10.825600	0.297719
10.833400	0.296405
10.841200	0.295088
10.849000	0.293770
10.856800	0.292449
10.864600	0.291126
10.872400	0.289801
10.880200	0.288474
10.888000	0.287145
10.895800	0.285813
10.903600	0.284479
10.911400	0.283143
10.919200	0.281805
10.927000	0.280464
10.934800	0.279122
10.942600	0.277777
10.950400	0.276430
10.958200	0.275080
10.966000	0.273729
10.973800	0.272375
10.981600	0.271019
10.989400	0.269661
10.997200	0.268301
11.005000	0.266939
11.012800	0.265574
11.020600	0.264207
11.028400	0.262838
11.036200	0.261467
11.044000	0.260093
11.051800	0.258717
11.059600	0.257340
11.067400	0.255959
11.075200	0.254577
11.083000	0.253193
11.090800	0.251806
11.098600	0.250417
11.106400	0.249026
11.114200	0.247633
11.122000	0.246237
11.129800	0.244839
11.137600	0.243440
11.145400	0.242037
11.153200	0.240633
11.161000	0.239227
11.168800	0.237818
11.176600	0.236407
11.184400	0.234994
11.192200	0.233579
11.200000	0.232161
