40 
-4.4897078478420696 -63.93061577386536
-3.6026768812797094 -49.75403863881393
-3.3576114817175053 -38.49562291913143
-3.2921570379029923 -44.157961475698016
-2.009583848309176 -13.22118832933979
-1.9791576900610908 -25.933273546307436
-1.6071395463532339 -30.83559146458569
-1.3510488642875589 -11.942964547659507
-0.9362139523172175 -2.146907190404613
-0.9299171094511385 -18.31056292652815
-0.7666200146995803 -10.35945892367602
-0.7024794608625613 -1.6248033420955648
-0.5704918357080735 -2.455597425884105
0.03914421367891818 -10.058768648124726
0.1243056469184376 -7.116388812576309
0.38225242612454835 -16.31310518592783
0.7776144912766687 -0.7397458475319525
0.8119798620150642 -13.00288758979775
1.049172164225451 -16.82371500933529
1.4999795138824128 -14.814964222817835
1.8315039733107636 4.642289172521991
1.8441638126115831 -10.159242579311094
1.8627244480956617 -9.78716777114984
2.2047248159738935 -18.06878969890049
2.4540716248930936 -18.931203598857316
3.209530840919539 -21.33788721069081
3.240856942279242 -26.762584371299603
3.384753814444127 -14.711547103900287
4.017381343327854 -28.468285039493725
4.234264466145319 -9.910710598458376
4.2423644343222735 -30.26517492425785
4.439438846133362 -25.076350702958575
5.000646042168694 -22.680061981936912
5.23979452509027 -24.790679055534177
5.51937021534248 -15.874890518278484
5.947722231534564 -15.3634031465347
6.634313290332835 -18.85443029881219
6.890595040898134 -9.848942355151655
7.942389404671781 2.6542233470438443
9.658969447502237 33.683057093942864
